i46,e11,c1,p26,l3,981
i38,e10,c1,p13,l4,2015
i38,e11,c4,p09,l2,4
i38,e10,c4,p16,l3,838
i06,e08,c5,p16,l2,3101
i06,e10,c5,p01,l2,112
i38,e10,c1,p30,l3,368
i46,e01,c4,p35,l3,132
i06,e11,c5,p10,l2,1335
i06,e10,c3,p23,l3,48
i06,e10,c5,p23,l2,29
i06,e11,c5,p19,l2,825
i02,e04,c1,p10,l3,438
i17,e11,c5,p06,l3,75
i02,e04,c1,p02,l3,11
i38,e12,c1,p24,l3,3
i06,e01,c5,p04,l3,58
i06,e11,c3,p19,l2,20
i06,e10,c3,p09,l3,101
i06,e10,c3,p12,l3,63
i05,e12,c1,p18,l3,14
i06,e12,c5,p03,l3,427
i46,e08,c1,p05,l3,14
i38,e10,c4,p10,l2,26
i27,e01,c5,p19,l3,2
i46,e08,c1,p04,l3,6
i41,e04,c1,p16,l3,5
i41,e01,c1,p12,l3,6
i46,e08,c1,p07,l3,20
i21,e03,c1,p13,l3,2
i48,e11,c1,p10,l3,6
i02,e08,c1,p06,l3,141
i41,e09,c1,p19,l3,37
i34,e01,c5,p07,l3,4
i42,e05,c5,p19,l3,11
i12,e04,c5,p05,l3,3
i46,e06,c1,p35,l3,15
i01,e08,c1,p11,l3,17
i06,e10,c3,p13,l4,4
i16,e01,c5,p15,l3,7
i88,e01,c1,p35,l3,8
i17,e09,c5,p29,l3,2
i02,e01,c1,p28,l3,12
i02,e01,c1,p32,l3,2
i46,e09,c1,p09,l3,9
i30,e09,c1,p06,l3,7
i25,e08,c5,p06,l3,4
i03,e08,c5,p13,l3,2
i30,e01,c1,p14,l3,2
i46,e04,c1,p23,l3,2
i39,e01,c5,p07,l3,11
i05,e09,c1,p10,l3,2
i38,e12,c4,p10,l3,1
i14,e12,c5,p22,l3,2
i38,e12,c1,p05,l3,4
i14,e04,c5,p29,l3,8
i41,e01,c1,p07,l3,5
i38,e12,c1,p02,l3,9
i14,e11,c5,p28,l3,1
i46,e08,c1,p06,l3,5
i01,e11,c1,p19,l3,2
i16,e04,c5,p18,l3,2
i41,e05,c1,p01,l3,1
i06,e07,c5,p17,l2,3
i06,e10,c5,p26,l1,2
i43,e04,c1,p13,l3,1
i34,e04,c5,p28,l3,2
i67,e04,c5,p19,l3,1
i21,e03,c1,p04,l3,1
i05,e04,c1,p05,l3,3
i05,e01,c1,p12,l3,3
i38,e12,c1,p28,l3,1
i06,e02,c5,p07,l1,1
i14,e12,c5,p03,l3,1
i17,e09,c5,p07,l3,1
i46,e11,c1,p21,l3,1982
i38,e10,c1,p16,l1,22
i02,e09,c1,p03,l3,113
i38,e10,c4,p03,l4,99
i06,e10,c5,p29,l2,83
i06,e10,c3,p25,l3,49
i22,e05,c5,p24,l3,43
i02,e08,c1,p09,l3,100
i06,e01,c5,p29,l3,100
i14,e04,c5,p32,l3,42
i14,e11,c5,p01,l3,11
i06,e01,c5,p19,l3,312
i46,e11,c4,p15,l3,45
i02,e01,c1,p29,l3,205
i46,e08,c1,p19,l3,58
i06,e12,c5,p07,l3,285
i06,e01,c5,p14,l3,32
i34,e09,c5,p15,l3,2
i17,e08,c5,p10,l3,120
i46,e01,c1,p23,l3,12
i30,e01,c1,p04,l3,9
i06,e08,c3,p15,l2,32
i38,e08,c1,p26,l2,4
i41,e09,c1,p35,l3,35
i43,e09,c1,p35,l3,3
i02,e09,c1,p05,l3,59
i23,e08,c3,p07,l3,12
i61,e11,c1,p35,l3,54
i02,e08,c1,p04,l3,203
i38,e10,c4,p21,l3,157
i32,e08,c5,p35,l3,15
i18,e01,c1,p35,l3,22
i38,e01,c1,p28,l3,9
i21,e04,c1,p11,l3,1
i23,e08,c5,p29,l3,45
i14,e04,c5,p03,l3,25
i39,e01,c5,p32,l3,17
i12,e04,c5,p03,l3,11
i14,e08,c3,p07,l3,10
i17,e08,c5,p22,l3,18
i01,e09,c1,p16,l3,4
i17,e11,c5,p30,l3,2
i41,e11,c1,p04,l3,3
i02,e09,c1,p20,l3,5
i22,e05,c5,p19,l3,2
i34,e01,c5,p05,l3,6
i14,e05,c3,p03,l3,1
i06,e07,c5,p28,l2,1
i06,e04,c3,p01,l1,3
i46,e04,c1,p06,l3,3
i17,e04,c5,p23,l3,3
i38,e12,c1,p15,l3,6
i05,e08,c1,p23,l3,1
i06,e05,c5,p18,l1,2
i38,e01,c4,p16,l3,1
i05,e11,c1,p35,l3,1
i14,e08,c5,p31,l3,1
i48,e11,c1,p28,l3,1
i38,e09,c4,p12,l2,1
i10,e05,c3,p13,l3,1
i38,e07,c1,p14,l2,2
i18,e12,c1,p35,l3,2
i34,e09,c5,p13,l3,1
i43,e09,c1,p22,l3,1
i06,e10,c5,p18,l3,28327
i46,e11,c1,p35,l3,28186
i06,e10,c5,p35,l4,1708
i38,e11,c1,p11,l2,278
i46,e01,c1,p09,l3,6
i06,e10,c3,p11,l3,128
i06,e10,c5,p24,l4,1556
i30,e01,c1,p10,l3,31
i06,e11,c5,p18,l2,232
i38,e09,c1,p12,l2,16
i46,e11,c1,p07,l3,1834
i02,e08,c1,p13,l3,933
i38,e11,c1,p05,l2,176
i06,e12,c5,p21,l3,428
i06,e10,c5,p15,l2,126
i02,e04,c1,p15,l3,61
i17,e09,c5,p19,l3,24
i46,e08,c4,p35,l3,182
i34,e08,c5,p03,l3,25
i06,e09,c5,p32,l2,26
i34,e01,c5,p12,l3,27
i07,e12,c5,p10,l3,28
i38,e01,c1,p03,l3,57
i39,e04,c5,p21,l3,101
i38,e11,c1,p12,l2,167
i38,e10,c1,p08,l2,23
i34,e01,c5,p01,l3,21
i30,e09,c1,p04,l3,6
i38,e10,c1,p26,l4,26
i38,e10,c1,p28,l2,25
i14,e09,c5,p10,l3,32
i14,e08,c5,p15,l3,414
i06,e04,c5,p08,l1,132
i06,e12,c5,p29,l3,204
i39,e04,c5,p03,l3,45
i46,e01,c1,p10,l3,24
i14,e04,c5,p14,l3,10
i17,e11,c5,p24,l3,26
i46,e01,c1,p07,l3,18
i38,e10,c1,p23,l1,12
i46,e01,c1,p28,l3,27
i12,e09,c5,p13,l3,4
i38,e01,c4,p10,l3,3
i34,e01,c5,p11,l3,2
i06,e12,c5,p08,l3,47
i07,e11,c5,p35,l3,14
i38,e10,c1,p04,l1,13
i12,e08,c5,p13,l3,12
i66,e04,c3,p35,l3,4
i14,e08,c5,p08,l3,70
i14,e12,c5,p10,l3,24
i01,e08,c1,p04,l3,8
i16,e01,c5,p10,l3,18
i16,e01,c5,p24,l3,7
i06,e04,c5,p30,l1,8
i30,e09,c1,p19,l3,18
i16,e04,c5,p29,l3,4
i14,e01,c5,p10,l3,14
i06,e10,c5,p20,l1,13
i41,e08,c1,p20,l3,4
i42,e05,c5,p14,l3,3
i17,e09,c5,p25,l3,4
i38,e04,c4,p02,l1,11
i03,e09,c5,p21,l3,7
i05,e01,c1,p32,l3,1
i20,e08,c5,p15,l3,3
i14,e11,c3,p17,l3,4
i38,e08,c4,p13,l2,11
i05,e03,c1,p18,l3,3
i12,e08,c5,p07,l3,4
i46,e09,c1,p24,l3,6
i14,e11,c5,p13,l3,1
i38,e12,c1,p11,l3,2
i01,e09,c1,p17,l3,2
i31,e12,c1,p35,l3,1
i41,e09,c1,p32,l3,1
i27,e09,c5,p35,l3,1
i30,e09,c1,p08,l3,2
i21,e01,c1,p08,l3,1
i03,e10,c5,p22,l3,2
i13,e08,c5,p15,l3,4
i05,e08,c1,p01,l3,1
i38,e10,c1,p24,l3,4600
i06,e10,c5,p03,l4,1874
i38,e10,c1,p21,l2,93
i02,e09,c1,p19,l3,726
i06,e10,c5,p17,l4,1902
i38,e10,c4,p04,l3,178
i39,e09,c5,p35,l3,221
i38,e11,c1,p07,l2,250
i38,e11,c4,p03,l2,4
i17,e11,c5,p10,l3,192
i02,e01,c1,p06,l3,22
i38,e10,c4,p06,l1,2
i16,e01,c5,p19,l3,19
i38,e09,c1,p29,l2,11
i39,e09,c5,p16,l3,6
i06,e10,c5,p04,l2,49
i41,e09,c1,p10,l3,32
i46,e04,c4,p35,l3,109
i38,e01,c1,p08,l3,8
i43,e01,c1,p35,l3,13
i46,e01,c1,p24,l3,10
i41,e11,c1,p35,l3,23
i46,e04,c1,p28,l3,66
i31,e09,c1,p24,l3,6
i38,e09,c1,p23,l2,20
i38,e04,c1,p28,l1,11
i06,e10,c3,p03,l3,35
i13,e11,c5,p10,l3,8
i02,e09,c1,p09,l3,27
i14,e04,c5,p17,l3,12
i06,e12,c5,p26,l3,101
i14,e08,c5,p04,l3,101
i17,e08,c5,p17,l3,39
i13,e08,c5,p11,l3,5
i23,e03,c5,p10,l3,12
i17,e08,c5,p29,l3,28
i07,e01,c5,p04,l3,2
i42,e02,c5,p03,l3,1
i14,e04,c5,p12,l3,8
i38,e10,c1,unknown,l3,8
i48,e11,c1,p19,l3,1
i34,e03,c5,p08,l3,6
i41,e01,c1,p22,l3,7
i05,e07,c1,p13,l3,10
i23,e01,c5,p10,l3,3
i06,e05,c5,p03,l1,11
i06,e05,c5,p15,l1,7
i75,e09,c1,p35,l3,4
i05,e03,c1,p03,l3,3
i67,e04,c5,p24,l3,2
i39,e04,c5,p07,l3,9
i06,e10,c3,p35,l3,20
i03,e09,c5,p12,l3,4
i06,e10,c3,p02,l3,20
i06,e01,c5,p26,l3,2
i66,e01,c3,p12,l3,5
i23,e01,c5,p15,l3,3
i38,e10,c1,p34,l3,6
i38,e09,c4,p16,l2,3
i26,e08,c1,p35,l3,1
i87,e04,c5,p35,l3,1
i07,e04,c5,p12,l3,1
i38,e10,c4,p18,l2,1
i12,e01,c5,p17,l3,3
i23,e03,c5,p21,l3,3
i67,e04,c5,p07,l3,1
i46,e01,c1,p20,l3,1
i09,e09,c5,p01,l3,1
i14,e08,c3,p02,l3,2
i31,e07,c1,p35,l3,1
i03,e08,c5,p21,l3,1
i16,e09,c5,p25,l3,2
i13,e12,c5,p35,l3,2
i21,e04,c1,p15,l3,1
i42,e02,c5,p31,l3,1
i13,e08,c5,p16,l3,1
i07,e05,c5,p35,l3,1
i06,e11,c5,p25,l2,261
i38,e10,c1,p19,l3,34882
i38,e10,c1,p15,l4,1201
i38,e10,c1,p14,l4,542
i06,e10,c5,p04,l4,1340
i38,e10,c1,p31,l3,328
i06,e10,c5,p24,l2,92
i38,e10,c4,p01,l3,130
i06,e10,c5,p10,l2,199
i06,e10,c3,p04,l3,280
i38,e10,c1,p06,l2,20
i34,e03,c5,p35,l3,341
i38,e11,c1,p21,l2,200
i17,e11,c5,p05,l3,21
i06,e12,c5,p12,l3,254
i02,e09,c1,p21,l3,84
i17,e04,c5,p19,l3,60
i06,e09,c5,p05,l2,137
i42,e05,c3,p22,l3,2
i38,e10,c1,p26,l2,37
i05,e12,c1,p01,l3,15
i38,e10,c1,p35,l2,555
i43,e09,c1,p07,l3,24
i06,e10,c5,p16,l2,138
i17,e01,c5,p07,l3,6
i14,e04,c5,p19,l3,58
i05,e04,c1,p11,l3,5
i27,e01,c5,p10,l3,12
i14,e04,c5,p10,l3,26
i06,e12,c5,p14,l3,274
i67,e11,c5,p12,l3,8
i46,e01,c1,p04,l3,15
i14,e08,c5,p10,l3,114
i31,e01,c1,p24,l3,5
i38,e11,c4,p12,l2,8
i38,e10,c4,p02,l3,36
i38,e10,c1,p13,l1,36
i23,e09,c5,p16,l3,2
i46,e04,c4,p03,l3,9
i39,e01,c5,p08,l3,19
i05,e12,c1,p12,l3,15
i38,e10,c7,p13,l4,7
i12,e04,c5,p10,l3,11
i38,e10,c1,p03,l1,44
i46,e04,c1,p22,l3,2
i01,e08,c1,p12,l3,21
i15,e09,c6,p35,l3,3
i66,e04,c3,p18,l3,3
i46,e01,c1,p32,l3,2
i27,e08,c5,p10,l3,6
i30,e04,c1,p24,l3,8
i30,e04,c1,p06,l3,3
i05,e03,c1,p05,l3,5
i41,e09,c1,p11,l3,6
i02,e01,c1,p20,l3,5
i16,e04,c5,p14,l3,2
i27,e01,c5,p22,l3,3
i03,e01,c5,p05,l3,4
i22,e02,c5,p10,l3,1
i25,e11,c5,p12,l3,3
i29,e09,c5,p22,l3,1
i14,e11,c5,p21,l3,1
i46,e01,c1,p26,l3,3
i41,e04,c1,p22,l3,7
i25,e03,c5,p35,l3,1
i43,e08,c1,p12,l3,1
i24,e08,c1,p01,l3,1
i06,e10,c3,p18,l1,2
i05,e01,c1,p20,l3,2
i17,e01,c5,p31,l3,1
i12,e08,c5,p03,l3,4
i38,e11,c7,p21,l2,1
i16,e08,c5,p18,l3,1
i27,e04,c5,p03,l3,2
i34,e09,c5,p23,l3,1
i38,e11,c1,p34,l2,1
i12,e12,c5,p13,l3,1
i16,e11,c5,p21,l3,1
i38,e10,c1,p21,l3,9863
i38,e10,c1,p18,l4,781
i38,e10,c1,p19,l1,63
i38,e10,c4,p07,l3,417
i02,e01,c1,p11,l3,185
i38,e10,c1,p02,l2,30
i47,e01,c1,p35,l3,330
i23,e04,c5,p01,l3,17
i06,e11,c5,p21,l2,626
i02,e09,c1,p14,l3,76
i38,e08,c1,p18,l2,36
i02,e09,c1,p01,l3,144
i38,e04,c1,p10,l1,244
i02,e04,c1,p35,l3,103
i05,e08,c1,p06,l3,28
i06,e04,c5,p17,l1,180
i39,e09,c5,p17,l3,30
i06,e04,c5,p07,l1,200
i38,e04,c1,p19,l1,141
i07,e08,c5,p35,l3,50
i06,e10,c5,p18,l2,81
i06,e12,c5,p23,l3,97
i07,e12,c5,p01,l3,4
i07,e04,c5,p10,l3,8
i06,e09,c5,p29,l2,43
i14,e08,c5,p05,l3,311
i46,e01,c1,p03,l3,43
i34,e09,c5,p35,l3,67
i17,e11,c5,p18,l3,27
i38,e10,c1,p26,l1,3
i38,e10,c1,p15,l1,33
i38,e04,c1,p02,l1,15
i38,e09,c1,p05,l2,15
i38,e04,c1,p32,l1,4
i46,e08,c4,p11,l3,11
i14,e08,c5,p33,l3,8
i14,e08,c3,p19,l3,97
i16,e04,c5,p08,l3,7
i12,e08,c5,p01,l3,17
i17,e04,c5,p31,l3,1
i17,e09,c5,p17,l3,4
i38,e10,c4,p25,l3,6
i34,e09,c5,p09,l3,1
i23,e09,c5,p14,l3,2
i05,e08,c1,p24,l3,1
i38,e10,c4,p17,l1,3
i12,e04,c5,p23,l3,2
i14,e09,c5,p12,l3,6
i02,e11,c1,p19,l3,8
i39,e01,c5,p24,l3,17
i03,e04,c5,p14,l3,1
i106,e04,c5,p35,l3,1
i17,e09,c5,p18,l3,5
i12,e04,c5,p29,l3,2
i38,e01,c1,p33,l3,1
i06,e02,c5,p32,l1,1
i01,e08,c1,p15,l3,1
i02,e01,c1,p31,l3,8
i41,e08,c1,p18,l3,2
i41,e04,c1,p28,l3,1
i16,e08,c5,p29,l3,3
i06,e01,c5,unknown,l3,2
i41,e04,c1,p12,l3,2
i46,e04,c1,p26,l3,2
i05,e01,c1,p03,l3,3
i65,e01,c3,p35,l3,3
i46,e01,c4,p08,l3,1
i27,e08,c5,p17,l3,2
i32,e12,c5,p35,l3,2
i42,e02,c5,p11,l3,1
i14,e01,c5,p06,l3,1
i34,e08,c5,p31,l3,1
i07,e01,c5,p16,l3,1
i06,e10,c5,p32,l3,6621
i38,e10,c1,p20,l4,176
i38,e09,c1,p16,l2,19
i46,e11,c4,p07,l3,500
i38,e10,c4,p16,l4,80
i41,e04,c1,p23,l3,4
i23,e03,c5,p35,l3,56
i30,e01,c1,p19,l3,8
i16,e01,c5,p11,l3,4
i46,e09,c1,p01,l3,15
i38,e08,c1,p22,l2,29
i38,e08,c1,p06,l2,61
i38,e10,c1,p05,l1,40
i38,e01,c1,p05,l3,34
i05,e03,c1,p19,l3,10
i05,e04,c1,p18,l3,6
i37,e10,c5,p33,l3,12
i01,e08,c1,p01,l3,17
i38,e04,c7,p10,l1,10
i17,e11,c5,p16,l3,122
i23,e03,c5,p01,l3,6
i14,e08,c5,p21,l3,331
i27,e08,c5,p01,l3,14
i14,e08,c5,p24,l3,181
i01,e01,c1,p14,l3,6
i34,e01,c5,p10,l3,45
i23,e09,c5,p07,l3,15
i23,e03,c5,p18,l3,6
i34,e03,c5,p02,l3,16
i18,e04,c1,p35,l3,14
i16,e09,c5,p22,l3,3
i12,e09,c5,p23,l3,1
i32,e11,c5,p10,l3,24
i06,e08,c3,p21,l2,5
i14,e04,c5,p18,l3,18
i17,e08,c5,p14,l3,49
i17,e04,c5,p18,l3,32
i12,e08,c5,p11,l3,6
i14,e08,c5,p20,l3,32
i17,e01,c5,p21,l3,7
i46,e08,c1,p16,l3,1
i46,e06,c1,unknown,l3,1
i14,e08,c5,p25,l3,65
i20,e09,c5,p20,l3,1
i38,e12,c1,p09,l3,4
i07,e09,c5,p10,l3,2
i17,e01,c5,p32,l3,1
i38,e10,c1,p24,l1,9
i16,e08,c5,p17,l3,12
i41,e08,c1,p05,l3,14
i38,e10,c1,unknown,l4,11
i27,e04,c5,p16,l3,6
i80,e09,c3,p35,l3,1
i38,e08,c1,unknown,l2,8
i43,e01,c1,p10,l3,2
i23,e05,c5,p09,l3,1
i22,e05,c5,p05,l3,1
i14,e11,c5,p23,l3,3
i41,e08,c1,p22,l3,3
i17,e11,c5,p22,l3,10
i31,e09,c1,p35,l3,4
i43,e09,c1,p21,l3,2
i27,e08,c5,p07,l3,3
i41,e09,c1,p25,l3,1
i17,e04,c5,p33,l3,1
i06,e11,c3,p23,l2,1
i05,e04,c1,p22,l3,1
i20,e09,c5,p35,l3,1
i23,e04,c5,p35,l3,2
i43,e12,c1,p10,l3,3
i66,e01,c3,p18,l3,1
i06,e08,c3,p06,l2,1
i17,e08,c5,p20,l3,1
i15,e04,c2,p35,l3,1116
i06,e10,c5,p10,l3,110090
i38,e10,c1,p03,l4,1977
i38,e09,c1,p10,l2,209
i38,e10,c1,p16,l4,931
i06,e09,c5,p07,l2,73
i06,e08,c5,p21,l2,2239
i14,e05,c5,p04,l3,3
i06,e05,c5,p16,l1,2
i02,e04,c1,p03,l3,242
i14,e04,c5,p05,l3,26
i38,e08,c4,p10,l2,27
i16,e09,c5,p24,l3,7
i05,e04,c1,p02,l3,1
i06,e10,c5,p30,l4,56
i06,e01,c5,p06,l3,55
i27,e04,c5,p01,l3,5
i38,e10,c1,p07,l1,14
i43,e01,c1,p19,l3,11
i38,e09,c1,p28,l2,6
i38,e10,c4,p31,l3,32
i34,e01,c5,p22,l3,4
i30,e01,c1,p07,l3,9
i34,e08,c5,p06,l3,22
i38,e06,c1,p17,l3,19
i46,e08,c4,p25,l3,88
i41,e01,c1,p02,l3,9
i06,e12,c5,p25,l3,36
i34,e09,c5,p14,l3,1
i38,e04,c1,unknown,l1,3
i17,e09,c5,p35,l3,5
i16,e04,c5,p15,l3,10
i38,e01,c1,p09,l3,17
i75,e01,c1,p35,l3,3
i12,e01,c5,p29,l3,2
i23,e08,c5,p35,l3,2
i34,e04,c5,p01,l3,20
i02,e08,c1,p20,l3,6
i38,e11,c1,p30,l2,6
i17,e01,c5,p18,l3,3
i42,e05,c5,p16,l3,2
i38,e11,c4,p14,l2,6
i46,e11,c1,p30,l3,2
i38,e09,c1,p33,l2,3
i42,e05,c5,p23,l3,2
unknown,e01,c1,p35,l3,1
i34,e08,c5,p20,l3,1
i38,e05,c1,p35,l1,1
i38,e10,c1,p01,l4,2054
i46,e09,c1,p35,l3,1980
i06,e12,c5,p19,l3,1053
i06,e08,c5,p03,l2,2026
i34,e03,c5,p15,l3,70
i38,e08,c1,p32,l2,16
i38,e12,c1,p10,l3,225
i41,e09,c1,p23,l3,3
i02,e09,c1,p02,l3,17
i06,e01,c5,p17,l3,104
i12,e04,c5,p11,l3,10
i02,e08,c1,p02,l3,74
i06,e01,c5,p13,l3,58
i06,e09,c3,p21,l2,13
i06,e10,c5,p05,l1,88
i02,e04,c1,p22,l3,33
i46,e09,c1,p11,l3,27
i46,e09,c1,p05,l3,26
i02,e01,c1,p18,l3,32
i39,e09,c5,p24,l3,25
i14,e08,c3,p03,l3,7
i41,e04,c1,p03,l3,6
i05,e08,c1,p12,l3,126
i30,e01,c1,p11,l3,11
i34,e08,c5,p23,l3,5
i14,e01,c5,p08,l3,4
i14,e04,c5,p04,l3,24
i17,e08,c5,p18,l3,26
i46,e09,c1,p20,l3,1
i16,e04,c5,p16,l3,9
i38,e01,c1,p06,l3,11
i46,e08,c1,p23,l3,7
i05,e01,c1,p22,l3,5
i43,e08,c1,p07,l3,8
i38,e10,c4,p05,l4,6
i46,e09,c1,p07,l3,8
i43,e03,c1,p10,l3,3
i05,e04,c1,p21,l3,2
i14,e11,c5,p03,l3,4
i46,e09,c1,unknown,l3,6
i02,e08,c4,p10,l3,1
i19,e08,c5,p10,l3,3
i17,e01,c5,p13,l3,2
i42,e05,c5,p05,l3,4
i39,e01,c5,p23,l3,7
i46,e08,c1,p18,l3,7
i12,e08,c5,p09,l3,2
i48,e11,c1,p14,l3,2
i46,e04,c1,p14,l3,1
i13,e08,c5,p13,l3,3
i03,e04,c5,p19,l3,3
i32,e01,c5,p35,l3,6
i14,e11,c5,p05,l3,5
i01,e08,c1,p17,l3,3
i42,e05,c5,p08,l3,1
i41,e04,c1,p13,l3,4
i41,e07,c1,p22,l3,2
i34,e08,c5,p04,l3,1
i14,e09,c5,p03,l3,2
i06,e01,c3,p07,l3,1
i38,e04,c4,p19,l1,2
i17,e01,c5,p30,l3,2
i06,e02,c5,p01,l1,1
i46,e08,c1,unknown,l3,1
i38,e10,c1,p16,l3,7624
i06,e10,c5,p35,l3,31220
i06,e10,c5,p05,l3,52477
i38,e10,c1,p29,l3,3963
i38,e10,c4,p23,l4,6
i02,e01,c1,p04,l3,197
i15,e01,c2,p35,l3,715
i06,e09,c5,p19,l2,275
i02,e01,c1,p23,l3,29
i06,e01,c5,p32,l3,30
i15,e01,c6,p35,l3,15
i06,e08,c5,p18,l2,1651
i06,e10,c5,p35,l1,66
i06,e04,c5,p24,l1,145
i46,e08,c1,p15,l3,29
i38,e09,c1,p19,l2,117
i03,e10,c5,p06,l3,4
i38,e10,c1,p12,l2,85
i06,e10,c5,p12,l1,66
i06,e09,c5,p11,l2,58
i38,e04,c1,p05,l1,13
i17,e11,c5,p15,l3,13
i16,e04,c5,p04,l3,12
i14,e08,c5,p19,l3,677
i27,e11,c5,p19,l3,34
i38,e08,c1,p16,l2,43
i35,e09,c2,p35,l3,10
i41,e01,c1,p03,l3,28
i38,e10,c1,p21,l1,28
i06,e12,c5,p13,l3,279
i38,e01,c1,p14,l3,14
i34,e04,c5,p10,l3,36
i48,e11,c1,p35,l3,21
i39,e09,c5,p11,l3,17
i17,e11,c5,p28,l3,19
i14,e01,c5,p20,l3,2
i17,e01,c5,p23,l3,14
i06,e09,c5,p06,l2,24
i34,e08,c5,p19,l3,24
i17,e04,c5,p16,l3,22
i17,e09,c5,p05,l3,4
i41,e09,c1,p07,l3,5
i39,e04,c5,p16,l3,26
i46,e04,c4,p08,l3,5
i39,e09,c5,p07,l3,4
i02,e04,c1,p28,l3,17
i27,e01,c5,p12,l3,2
i23,e08,c5,p12,l3,46
i30,e09,c1,p16,l3,3
i14,e09,c5,p17,l3,2
i43,e09,c1,p10,l3,1
i46,e01,c4,p17,l3,3
i16,e08,c5,p15,l3,19
i17,e09,c5,p01,l3,17
i06,e10,c3,p35,l4,2
i39,e01,c5,p25,l3,4
i34,e08,c5,p18,l3,2
i43,e04,c1,p16,l3,5
i38,e10,c4,p28,l2,3
i34,e01,c5,p13,l3,3
i46,e01,c4,p06,l3,2
i17,e08,c5,p26,l3,2
i16,e04,c5,p13,l3,1
i46,e04,c1,p09,l3,6
i34,e04,c5,p13,l3,5
i38,e08,c4,p01,l2,3
i17,e01,c5,p26,l3,1
i07,e12,c5,p21,l3,1
i16,e09,c5,p12,l3,2
i07,e08,c5,p08,l3,1
i61,e09,c1,p35,l3,1
i23,e03,c5,p13,l3,1
i27,e04,c5,p10,l3,1
i38,e04,c1,unknown,l1,1
i46,e01,c4,p18,l3,1
i02,e04,c1,p09,l3,57
i06,e10,c5,p07,l3,35485
i06,e08,c5,p08,l2,999
i38,e10,c1,p22,l3,2309
i06,e04,c5,p11,l1,175
i06,e10,c5,p21,l4,2577
i14,e08,c5,p32,l3,67
i06,e09,c5,p16,l2,67
i14,e08,c5,p22,l3,133
i06,e10,c5,p26,l3,1535
i17,e08,c5,p13,l3,34
i12,e04,c5,p28,l3,1
i46,e04,c1,p13,l3,103
i31,e11,c1,p35,l3,55
i06,e10,c3,p26,l3,86
i06,e10,c5,p11,l2,56
i16,e11,c5,p19,l3,2
i30,e04,c1,p19,l3,37
i06,e10,c5,p06,l2,43
i38,e10,c1,unknown,l3,6
i02,e04,c1,p12,l3,125
i02,e01,c1,p16,l3,102
i34,e04,c5,p05,l3,6
i38,e11,c1,p24,l2,93
i38,e04,c1,p12,l1,29
i42,e05,c3,p11,l3,19
i39,e01,c5,p31,l3,15
i31,e01,c1,p35,l3,3
i06,e10,c5,p09,l1,31
i16,e04,c5,p17,l3,7
i23,e03,c5,p12,l3,7
i34,e04,c5,p14,l3,5
i01,e09,c1,p19,l3,3
i17,e09,c5,p26,l3,1
i45,e01,c1,p03,l3,2
i14,e11,c3,p24,l3,3
i06,e02,c5,p05,l1,1
i46,e04,c1,p01,l3,15
i14,e01,c5,p03,l3,1
i46,e11,c4,p08,l3,1
i38,e01,c1,p32,l3,4
i38,e10,c4,p03,l2,10
i23,e08,c5,p19,l3,1
i46,e01,c4,p12,l3,6
i06,e10,c3,p07,l4,10
i09,e04,c5,p35,l3,2
i06,e11,c5,p20,l2,19
i05,e04,c1,p17,l3,1
i23,e09,c5,p06,l3,2
i07,e09,c5,p21,l3,1
i38,e10,c4,p05,l1,1
i17,e09,c5,p24,l3,3
i34,e09,c5,p05,l3,5
i06,e01,c5,p31,l3,8
i27,e04,c5,p24,l3,5
i23,e04,c5,p29,l3,2
i38,e11,c4,p07,l2,4
i12,e08,c5,p23,l3,2
i35,e01,c2,p35,l3,1
i38,e06,c1,p09,l3,10
i38,e09,c1,unknown,l2,1
i17,e01,c5,p35,l3,2
i13,e08,c5,p12,l3,2
i30,e09,c1,p01,l3,2
i27,e02,c5,p01,l3,1
i13,e03,c5,p10,l3,4
i06,e01,c3,p16,l3,1
i30,e09,c1,p12,l3,3
i23,e04,c5,p23,l3,2
i27,e01,c5,p24,l3,3
i07,e11,c5,p19,l3,1
i03,e10,c5,p15,l3,2
i02,e11,c1,p12,l3,1
i05,e09,c1,p17,l3,1
i21,e09,c1,p10,l3,2
i17,e09,c5,p22,l3,3
i29,e04,c5,p16,l3,3
i12,e09,c5,p11,l3,2
i06,e07,c5,p35,l2,1
i14,e05,c5,p29,l3,1
i06,e04,c3,p07,l1,1
i06,e04,c3,p04,l1,1
i23,e01,c5,p04,l3,1
i14,e04,c5,p02,l3,12
i02,e08,c1,p24,l3,223
i06,e04,c5,p03,l1,170
i34,e03,c5,p10,l3,241
i02,e08,c1,p15,l3,545
i02,e09,c1,p04,l3,74
i38,e11,c1,p19,l2,624
i06,e12,c5,p11,l3,398
i14,e08,c5,p16,l3,136
i34,e08,c5,p10,l3,106
i14,e08,c3,p04,l3,2
i06,e04,c5,p18,l1,180
i06,e12,c5,p20,l3,92
i38,e04,c1,p17,l1,38
i01,e11,c1,p01,l3,2
i06,e10,c5,p11,l1,105
i34,e08,c5,p09,l3,6
i38,e10,c1,p32,l3,1469
i38,e10,c1,p09,l4,598
i06,e10,c5,p16,l1,80
i06,e10,c3,p15,l3,582
i41,e08,c1,p01,l3,88
i06,e10,c3,p16,l3,123
i06,e10,c5,p03,l1,56
i06,e10,c5,p17,l1,60
i06,e09,c5,p12,l2,51
i38,e09,c1,p03,l2,35
i38,e10,c1,p14,l2,19
i38,e11,c4,p13,l2,6
i41,e08,c1,p29,l3,12
i39,e01,c5,p13,l3,21
i34,e04,c5,p35,l3,84
i34,e03,c5,p09,l3,19
i39,e01,c5,p10,l3,51
i23,e03,c5,p04,l3,2
i05,e04,c1,p08,l3,3
i46,e04,c1,p11,l3,29
i23,e04,c5,p18,l3,1
i14,e11,c5,p11,l3,4
i14,e09,c5,p19,l3,17
i14,e09,c5,p32,l3,5
i16,e08,c5,p03,l3,6
i46,e09,c1,p26,l3,1
i05,e08,c1,p22,l3,9
i16,e09,c5,p18,l3,2
i01,e09,c1,p21,l3,5
i07,e04,c5,p35,l3,26
i41,e08,c1,p10,l3,12
i38,e10,c4,p32,l4,2
i02,e08,c1,p32,l3,10
i46,e09,c4,p15,l3,1
i34,e09,c5,p24,l3,2
i16,e05,c5,p01,l3,1
i23,e03,c5,p22,l3,1
i21,e03,c1,p10,l3,5
i02,e09,c1,p32,l3,2
i02,e09,c1,p31,l3,8
i43,e04,c1,p17,l3,1
i05,e09,c1,p06,l3,1
i13,e08,c5,p01,l3,2
i07,e08,c5,p01,l3,3
i34,e01,c5,p17,l3,8
i06,e11,c5,p30,l2,9
i38,e10,c1,p31,l1,4
i14,e09,c5,p14,l3,2
i38,e07,c1,p19,l2,1
i17,e01,c5,p08,l3,1
i06,e08,c3,p35,l2,1
i38,e07,c1,p04,l2,1
i42,e05,c5,p04,l3,1
i67,e01,c5,p28,l3,1
i06,e09,c5,unknown,l2,1
i14,e09,c5,p28,l3,1
i46,e11,c4,p14,l3,1
i07,e12,c5,p07,l3,5
i42,e05,c5,p12,l3,2
i38,e11,c1,p33,l2,1
i46,e11,c1,p09,l3,1
i43,e01,c1,p11,l3,1
i41,e07,c1,p08,l3,1
i38,e10,c1,unknown,l4,1
i46,e09,c1,unknown,l3,2
i13,e12,c5,p17,l3,1
i66,e04,c3,p05,l3,1
i43,e09,c1,p11,l3,1
i06,e10,c5,p11,l3,40982
i06,e12,c5,p15,l3,819
i46,e04,c1,p19,l3,98
i38,e10,c1,p11,l3,16819
i02,e04,c1,p04,l3,71
i01,e08,c1,p09,l3,22
i39,e04,c5,p01,l3,71
i38,e10,c1,p22,l4,303
i01,e08,c1,p18,l3,3
i06,e04,c5,p22,l1,86
i23,e04,c5,p03,l3,2
i38,e08,c1,p05,l2,69
i14,e02,c5,p24,l3,1
i38,e08,c4,p03,l2,86
i38,e11,c1,p13,l2,246
i39,e04,c5,p08,l3,14
i06,e01,c5,p05,l3,146
i34,e04,c5,p07,l3,12
i06,e12,c5,p06,l3,169
i15,e04,c6,p35,l3,1
i06,e10,c5,p19,l2,241
i17,e11,c5,p12,l3,93
i38,e04,c1,p20,l1,3
i43,e01,c1,p16,l3,6
i17,e09,c5,p23,l3,7
i38,e10,c4,p13,l4,31
i02,e08,c1,p25,l3,31
i39,e09,c5,p04,l3,39
i41,e09,c1,p22,l3,7
i31,e04,c1,p24,l3,5
i38,e12,c1,p13,l3,106
i38,e06,c1,p11,l3,1
i14,e09,c5,p15,l3,18
i09,e09,c5,p35,l3,1
i38,e04,c1,p14,l1,13
i17,e11,c5,p14,l3,32
i17,e09,c5,p15,l3,12
i41,e04,c1,p29,l3,4
i46,e09,c1,p16,l3,3
i39,e09,c5,p23,l3,4
i14,e01,c5,p04,l3,5
i38,e11,c4,p10,l2,23
i34,e09,c5,p07,l3,1
i16,e04,c5,p24,l3,3
i05,e01,c1,p10,l3,10
i14,e04,c5,p08,l3,10
i21,e03,c1,p07,l3,2
i38,e10,c7,p21,l4,3
i12,e01,c5,p01,l3,2
i27,e09,c5,p02,l3,2
i46,e04,c1,p18,l3,3
i30,e09,c1,p15,l3,6
i34,e09,c5,p03,l3,3
i39,e01,c5,p20,l3,3
i06,e09,c3,p29,l2,1
i41,e11,c1,p10,l3,4
i16,e01,c5,p14,l3,2
i16,e04,c5,p32,l3,1
i03,e09,c5,p14,l3,2
i65,e09,c3,p35,l3,2
i05,e09,c1,p19,l3,5
i03,e10,c5,p04,l3,2
i38,e01,c1,p35,l3,1
i06,e05,c5,p21,l1,1
i42,e05,c5,p13,l3,1
i41,e04,c1,p24,l3,4
i23,e03,c5,p15,l3,1
i06,e01,c3,p21,l3,2
i06,e05,c5,p05,l1,2
i46,e05,c1,p09,l3,1
i23,e01,c5,p11,l3,1
i46,e09,c4,p01,l3,1
i12,e08,c5,p19,l3,17
i38,e09,c1,p02,l2,20
i47,e09,c1,p35,l3,402
i06,e12,c5,p22,l3,217
i06,e10,c5,p05,l4,2699
i25,e03,c5,p24,l3,2
i06,e11,c5,p13,l2,341
i14,e08,c5,p01,l3,274
i38,e11,c1,p18,l2,96
i16,e08,c5,p16,l3,9
i17,e08,c5,p05,l3,25
i17,e04,c5,p25,l3,12
i17,e08,c5,p32,l3,6
i23,e04,c5,p10,l3,17
i17,e08,c5,p02,l3,36
i06,e04,c5,p26,l1,4
i38,e10,c4,p19,l3,668
i38,e10,c1,p34,l4,4
i38,e10,c4,p04,l4,31
i46,e09,c1,p13,l3,148
i06,e10,c5,p19,l1,271
i46,e01,c1,p13,l3,147
i06,e10,c5,p17,l2,92
i06,e10,c5,p21,l1,131
i06,e10,c3,p24,l4,2
i06,e10,c3,p18,l4,10
i46,e11,c1,p14,l3,55
i06,e10,c5,p23,l1,20
i46,e08,c1,p21,l3,8
i06,e01,c5,p09,l3,58
i05,e03,c1,p11,l3,7
i23,e08,c5,p15,l3,17
i17,e04,c5,p14,l3,20
i02,e04,c1,p23,l3,28
i38,e01,c1,p12,l3,18
i44,e08,c3,p10,l3,51
i38,e10,c4,p19,l4,67
i16,e09,c5,p17,l3,2
i16,e08,c5,p21,l3,15
i75,e04,c1,p35,l3,5
i39,e01,c5,p29,l3,8
i66,e04,c3,p24,l3,3
i17,e01,c5,p25,l3,5
i06,e10,c3,p19,l4,30
i42,e05,c5,p25,l3,1
i06,e10,c3,p11,l4,7
i30,e04,c1,p25,l3,17
i21,e01,c1,p04,l3,1
i02,e11,c1,p07,l3,2
i46,e04,c1,p21,l3,5
i31,e11,c1,p10,l3,8
i46,e09,c1,p12,l3,7
i46,e09,c1,p14,l3,1
i49,e03,c1,p33,l3,1
i27,e04,c5,p07,l3,6
i06,e10,c5,p31,l1,7
i12,e04,c5,p09,l3,4
i38,e05,c1,p19,l1,1
i67,e10,c5,p19,l3,1
i05,e12,c1,p23,l3,4
i29,e04,c5,p35,l3,6
i14,e01,c5,p09,l3,1
i27,e04,c5,p02,l3,3
i01,e08,c1,p13,l3,2
i22,e02,c5,p05,l3,1
i37,e08,c5,p33,l3,2
i43,e09,c1,p25,l3,1
i01,e01,c1,p17,l3,4
i39,e01,c5,p14,l3,4
i38,e10,c4,p15,l2,3
i27,e09,c5,p15,l3,1
i46,e09,c1,p06,l3,2
i41,e07,c1,p19,l3,3
i41,e08,c1,p06,l3,1
i41,e11,c1,p22,l3,1
i46,e09,c1,p22,l3,2
i34,e04,c5,p32,l3,2
i38,e05,c1,p11,l1,1
i03,e08,c5,p17,l3,1
i05,e03,c1,p01,l3,2
i05,e01,c1,p15,l3,1
i06,e04,c5,p31,l1,63
i06,e10,c5,p04,l3,22829
i06,e10,c5,p15,l3,59700
i02,e09,c1,p10,l3,279
i46,e01,c1,p12,l3,7
i46,e09,c4,p22,l3,3
i06,e08,c5,p30,l2,32
i06,e08,c5,p24,l2,1813
i34,e03,c5,p16,l3,49
i46,e08,c1,p35,l3,2207
i38,e10,c4,p20,l3,24
i38,e08,c1,p15,l2,426
i34,e08,c5,p35,l3,100
i06,e01,c5,p28,l3,27
i38,e01,c1,p20,l3,3
i02,e08,c1,p11,l3,798
i38,e10,c1,p17,l4,1302
i12,e04,c5,p01,l3,12
i38,e08,c1,p35,l2,66
i34,e08,c5,p21,l3,28
i02,e04,c1,p13,l3,182
i38,e04,c1,p11,l1,66
i46,e09,c4,p35,l3,83
i06,e09,c5,p08,l2,48
i04,e05,c3,p24,l3,1
i38,e11,c1,p28,l2,22
i13,e08,c5,p25,l3,14
i34,e04,c5,p17,l3,20
i06,e10,c3,p01,l4,25
i06,e09,c5,p15,l2,102
i05,e04,c1,p35,l3,121
i46,e01,c1,p01,l3,35
i21,e09,c1,p15,l3,2
i17,e11,c5,p09,l3,10
i61,e08,c1,p35,l3,25
i38,e10,c4,p12,l4,99
i27,e04,c5,p28,l3,4
i34,e04,c5,p12,l3,21
i38,e11,c1,p32,l2,32
i34,e03,c5,p05,l3,34
i38,e09,c1,p24,l2,19
i34,e09,c5,p19,l3,17
i34,e03,c5,p11,l3,65
i12,e04,c5,p21,l3,7
i06,e11,c3,p11,l2,33
i38,e01,c1,unknown,l3,3
i17,e08,c5,p06,l3,17
i14,e11,c5,p24,l3,3
i46,e04,c1,unknown,l3,2
i07,e08,c5,p10,l3,1
i05,e01,c1,p07,l3,2
i13,e08,c5,p28,l3,9
i39,e09,c5,p12,l3,13
i39,e09,c3,p35,l3,7
i06,e09,c5,p20,l2,5
i13,e11,c5,p32,l3,3
i66,e09,c3,p12,l3,2
i14,e01,c5,p26,l3,1
i38,e10,c4,p24,l2,1
i14,e08,c3,p08,l3,1
i38,e10,c7,p12,l4,1
i38,e04,c4,p24,l1,1
i06,e07,c5,p15,l2,2
i36,e01,c5,p35,l3,2
i23,e03,c5,p17,l3,3
i25,e10,c5,p12,l4,4
i38,e11,c4,p24,l2,2
i38,e11,c4,p18,l2,1
i46,e08,c1,p25,l3,1
i06,e10,c3,p18,l2,1
i43,e01,c1,p22,l3,1
i67,e04,c5,p13,l3,1
i14,e09,c5,p29,l3,2
i06,e10,c5,p01,l3,38013
i38,e10,c1,p10,l4,8319
i06,e08,c5,p09,l2,1364
i46,e04,c1,p07,l3,5
i17,e04,c5,p10,l3,196
i46,e01,c1,p35,l3,2639
i03,e10,c5,p14,l3,4
i06,e10,c5,p02,l3,13797
i38,e10,c1,p05,l3,10535
i06,e10,c5,p16,l4,2726
i02,e08,c1,p12,l3,651
i06,e12,c5,p05,l3,392
i06,e09,c5,p04,l2,62
i12,e04,c5,p16,l3,4
i14,e08,c5,p35,l3,184
i38,e08,c1,p11,l2,66
i34,e03,c5,p32,l3,34
i39,e01,c5,p04,l3,43
i06,e01,c5,p23,l3,48
i06,e11,c5,p26,l2,38
i01,e09,c1,p35,l3,9
i39,e01,c5,p11,l3,19
i38,e10,c4,p15,l3,156
i02,e08,c1,p22,l3,176
i06,e10,c3,p10,l4,9
i02,e09,c1,p11,l3,161
i02,e09,c1,p16,l3,111
i06,e01,c5,p11,l3,103
i46,e01,c1,p02,l3,24
i38,e04,c1,p21,l1,52
i38,e10,c4,p06,l4,27
i34,e03,c5,p04,l3,44
i34,e03,c5,p20,l3,20
i02,e01,c1,p24,l3,18
i34,e04,c5,p15,l3,13
i01,e01,c1,p19,l3,13
i46,e04,c1,p05,l3,31
i41,e08,c1,p17,l3,7
i06,e10,c3,p21,l4,6
i38,e09,c1,p14,l2,23
i30,e01,c1,p21,l3,26
i06,e01,c5,p25,l3,20
i39,e04,c5,p20,l3,5
i48,e11,c1,p01,l3,7
i39,e09,c5,p05,l3,18
i41,e07,c1,p10,l3,8
i17,e11,c5,p19,l3,80
i41,e11,c1,p13,l3,9
i02,e01,c1,p22,l3,26
i80,e04,c3,p35,l3,1
i03,e08,c5,p15,l3,1
i46,e11,c1,unknown,l3,20
i38,e10,c1,p27,l3,3
i30,e04,c1,p17,l3,2
i30,e09,c1,p29,l3,8
i38,e04,c1,p08,l1,16
i67,e10,c5,p29,l3,2
i34,e04,c5,p06,l3,12
i13,e08,c5,p35,l3,5
i16,e08,c5,p11,l3,23
i27,e01,c5,p13,l3,2
i66,e04,c3,p10,l3,2
i05,e12,c1,p22,l3,8
i12,e08,c5,p15,l3,3
i21,e03,c1,p22,l3,1
i03,e04,c5,p05,l3,7
i14,e11,c5,p22,l3,3
i06,e09,c3,p16,l2,1
i14,e05,c5,p14,l3,2
i38,e09,c1,p08,l2,6
i03,e04,c5,p10,l3,2
i14,e01,c5,p24,l3,6
i16,e04,c5,p11,l3,4
i38,e09,c1,p20,l2,2
i46,e01,c4,p01,l3,3
i14,e05,c5,p01,l3,1
i67,e09,c5,p05,l3,2
i17,e08,c5,p33,l3,2
i06,e09,c3,p23,l2,1
i12,e01,c5,p19,l3,2
i41,e07,c1,p07,l3,1
i16,e01,c5,p07,l3,1
i23,e08,c5,p06,l3,1
i06,e10,c3,p15,l2,2
i42,e02,c5,p14,l3,1
i38,e10,c1,p20,l1,1
i03,e01,c5,p15,l3,1
i38,e06,c1,p13,l3,1
i41,e01,c1,p06,l3,1
i06,e11,c5,p12,l2,366
i06,e08,c5,p01,l2,1467
i06,e10,c5,p08,l4,758
i06,e11,c5,p04,l2,345
i06,e09,c5,p21,l2,152
i06,e11,c5,p22,l2,210
i02,e08,c1,p08,l3,28
i02,e08,c1,p35,l3,253
i38,e10,c1,p23,l3,3272
i02,e08,c1,p05,l3,749
i38,e10,c1,p21,l4,1354
i46,e11,c1,p10,l3,771
i38,e08,c1,p21,l2,144
i06,e01,c5,p24,l3,103
i12,e08,c5,p05,l3,3
i41,e08,c1,p35,l3,93
i39,e01,c5,p03,l3,53
i46,e09,c7,p35,l3,1
i34,e09,c5,p12,l3,26
i06,e10,c3,p04,l4,6
i02,e09,c1,p17,l3,103
i05,e03,c1,p35,l3,33
i06,e10,c5,p25,l1,28
i38,e11,c1,p08,l2,52
i41,e08,c1,p19,l3,77
i38,e04,c1,p07,l1,40
i06,e10,c5,p05,l2,68
i43,e01,c1,p17,l3,3
i38,e10,c1,p10,l1,128
i03,e04,c5,p35,l3,1
i46,e08,c1,p11,l3,43
i06,e04,c5,p32,l1,59
i30,e01,c1,p24,l3,5
i38,e01,c4,p02,l3,3
i34,e01,c5,p15,l3,8
i46,e08,c1,p28,l3,54
i17,e01,c5,p02,l3,4
i16,e01,c5,p13,l3,3
i06,e08,c3,p04,l2,7
i41,e11,c1,p21,l3,6
i39,e01,c5,p02,l3,21
i46,e11,c4,p21,l3,32
i06,e04,c5,p33,l1,19
i17,e09,c5,p12,l3,6
i38,e10,c1,p06,l1,3
i16,e09,c5,p10,l3,7
i30,e04,c1,p04,l3,13
i34,e03,c5,p28,l3,3
i46,e09,c1,p18,l3,3
i05,e12,c1,p07,l3,4
i39,e04,c5,p28,l3,12
i03,e04,c5,p02,l3,2
i43,e09,c1,p29,l3,1
i13,e03,c5,p17,l3,1
i43,e03,c1,p07,l3,3
i14,e01,c5,p21,l3,3
i05,e09,c1,p07,l3,1
i43,e04,c1,p22,l3,3
i34,e08,c5,p32,l3,2
i38,e10,c7,p01,l3,4
i05,e08,c1,p32,l3,1
i38,e10,c7,p01,l4,1
i76,e01,c5,p35,l3,1
i21,e09,c1,p14,l3,1
i01,e01,c1,p10,l3,2
i16,e01,c5,p28,l3,1
i38,e11,c1,unknown,l2,1
i06,e11,c5,p14,l2,221
i06,e10,c5,p19,l4,5168
i06,e08,c5,p31,l2,126
i38,e10,c1,p17,l3,9983
i06,e08,c5,p12,l2,3184
i17,e01,c5,p19,l3,17
i06,e10,c5,p13,l4,1526
i06,e08,c5,p20,l2,330
i06,e10,c5,p29,l4,1286
i17,e04,c5,p12,l3,47
i38,e11,c1,p17,l2,189
i06,e04,c5,p28,l1,121
i06,e12,c5,p02,l3,82
i02,e08,c1,p16,l3,173
i01,e08,c1,p10,l3,21
i06,e11,c5,p01,l2,512
i06,e12,c5,p18,l3,293
i14,e08,c5,p29,l3,184
i38,e11,c4,p15,l2,8
i02,e09,c1,p15,l3,124
i02,e08,c1,p29,l3,236
i38,e10,c4,p18,l3,131
i02,e04,c1,p24,l3,28
i32,e08,c5,p28,l3,2
i39,e09,c5,p15,l3,19
i02,e09,c1,p07,l3,124
i02,e09,c1,p12,l3,166
i01,e04,c1,p10,l3,7
i06,e09,c5,p02,l2,66
i38,e08,c4,p02,l2,34
i30,e09,c1,p25,l3,2
i41,e07,c1,p01,l3,8
i05,e03,c1,p21,l3,6
i14,e08,c5,p30,l3,94
i38,e10,c4,p16,l1,1
i20,e04,c5,p29,l3,1
i16,e08,c5,p04,l3,19
i46,e09,c1,p10,l3,21
i02,e04,c1,p25,l3,23
i34,e09,c5,p10,l3,14
i42,e05,c3,p24,l3,1
i117,e11,c1,p10,l3,1
i13,e08,c5,p19,l3,5
i02,e01,c1,p08,l3,9
i07,e08,c5,p19,l3,7
i43,e04,c1,p04,l3,6
i46,e11,c1,unknown,l3,1
i25,e08,c5,p29,l3,2
i06,e08,c3,p14,l2,2
i39,e05,c5,p35,l3,1
i41,e01,c1,p11,l3,11
i46,e11,c1,p28,l3,1
i23,e03,c5,p29,l3,9
i30,e09,c1,p17,l3,1
i38,e09,c1,p22,l2,5
i05,e04,c1,p10,l3,14
i48,e08,c1,p02,l3,1
i46,e08,c1,p14,l3,1
i42,e05,c5,p10,l3,2
i06,e10,c3,p22,l4,1
i38,e07,c1,p16,l2,1
i38,e04,c4,p09,l1,1
i43,e09,c1,p16,l3,2
i12,e01,c5,p06,l3,1
i14,e11,c5,p14,l3,1
i14,e08,c3,p11,l3,2
i30,e04,c1,p02,l3,1
i06,e08,c5,p35,l2,2954
i38,e10,c1,p13,l3,13243
i39,e04,c5,p05,l3,42
i17,e08,c5,p09,l3,17
i17,e01,c5,p22,l3,28
i17,e04,c5,p24,l3,30
i06,e10,c5,p30,l3,435
i05,e09,c1,p21,l3,3
i07,e01,c5,p35,l3,16
i38,e10,c4,p11,l3,90
i02,e01,c1,p35,l3,66
i16,e01,c5,p03,l3,5
i02,e01,c1,p07,l3,77
i06,e04,c5,p14,l1,74
i23,e12,c5,p17,l3,4
i06,e10,c3,p12,l4,7
i38,e10,c1,p29,l2,94
i41,e01,c1,p17,l3,9
i41,e09,c1,p03,l3,32
i41,e04,c1,p01,l3,15
i06,e09,c5,p14,l2,19
i01,e01,c1,p35,l3,11
i39,e04,c5,p11,l3,38
i05,e12,c1,p15,l3,10
i38,e10,c1,unknown,l4,12
i38,e10,c4,p14,l4,27
i46,e11,c4,p04,l3,184
i46,e11,c4,p16,l3,60
i46,e09,c4,p03,l3,15
i38,e04,c1,p29,l1,16
i38,e10,c1,p08,l1,8
i43,e09,c1,p01,l3,1
i38,e09,c4,p24,l2,6
i16,e09,c5,p03,l3,3
i07,e09,c5,p35,l3,25
i46,e01,c1,p21,l3,20
i38,e01,c1,p21,l3,41
i17,e09,c5,p14,l3,4
i05,e12,c1,p02,l3,6
i34,e04,c5,p02,l3,9
i39,e04,c5,p32,l3,23
i67,e04,c5,p28,l3,2
i34,e04,c5,p16,l3,8
i14,e01,c5,p07,l3,3
i23,e08,c5,p24,l3,4
i27,e04,c5,p17,l3,1
i05,e12,c1,p14,l3,6
i09,e01,c5,p35,l3,4
i12,e08,c5,p29,l3,4
i41,e01,c1,p18,l3,4
i38,e11,c4,p17,l2,3
i41,e12,c1,p15,l3,1
i23,e03,c5,p24,l3,3
i38,e09,c1,p25,l2,2
i38,e10,c4,p11,l2,4
i38,e12,c1,p18,l3,2
i34,e03,c5,p33,l3,1
i17,e01,c5,p24,l3,1
i14,e05,c5,p11,l3,1
i30,e04,c1,p01,l3,1
i23,e08,c5,p21,l3,3
i12,e01,c5,p21,l3,1
i43,e09,c1,p03,l3,1
i09,e09,c5,p08,l3,1
i41,e09,c1,p13,l3,1
i46,e08,c4,p19,l3,1
i30,e01,c1,p08,l3,1
i39,e01,c5,p17,l3,24
i06,e08,c5,p06,l2,2015
i06,e08,c5,p10,l2,6045
i06,e10,c5,p06,l3,25893
i06,e09,c5,p18,l2,65
i06,e01,c5,p08,l3,173
i38,e10,c1,p07,l2,207
i46,e04,c1,p03,l3,48
i39,e01,c5,p15,l3,23
i06,e04,c5,p15,l1,160
i38,e11,c1,p29,l2,84
i06,e10,c5,p07,l2,99
i02,e04,c1,p05,l3,138
i06,e09,c5,p22,l2,48
i02,e01,c1,p21,l3,122
i02,e04,c1,p16,l3,99
i06,e10,c5,p14,l1,40
i02,e01,c1,p03,l3,119
i38,e01,c1,p01,l3,51
i05,e12,c1,p19,l3,37
i17,e01,c5,p03,l3,8
i38,e09,c4,p13,l2,1
i38,e10,c1,p09,l1,14
i17,e11,c5,p04,l3,24
i38,e01,c1,p04,l3,47
i41,e04,c1,p07,l3,4
i41,e09,c1,p21,l3,12
i38,e04,c1,p22,l1,6
i06,e07,c5,p07,l2,2
i16,e04,c5,p01,l3,14
i27,e08,c5,p24,l3,11
i30,e04,c1,p22,l3,5
i30,e04,c1,p29,l3,14
i05,e03,c1,p10,l3,9
i46,e11,c4,p17,l3,2
i38,e07,c1,p07,l2,3
i23,e01,c5,p29,l3,1
i16,e01,c5,p16,l3,1
i05,e01,c1,p05,l3,6
i12,e08,c5,p10,l3,11
i06,e11,c5,p31,l2,13
i38,e11,c1,unknown,l2,1
i46,e01,c7,p13,l3,2
i34,e09,c5,p06,l3,9
i41,e12,c1,p10,l3,1
i05,e12,c1,p24,l3,3
i05,e04,c1,p12,l3,2
i46,e01,c1,p08,l3,2
i38,e07,c1,p15,l2,1
i14,e09,c5,p08,l3,6
i19,e04,c5,p35,l3,1
i06,e04,c5,unknown,l1,1
i02,e11,c1,p10,l3,1
i32,e08,c5,p09,l3,2
i16,e08,c5,p09,l3,1
i48,e11,c1,p02,l3,3
i16,e04,c5,p06,l3,3
i38,e10,c4,p35,l2,4
i38,e12,c1,p25,l3,1
i14,e11,c5,p18,l3,2
i03,e04,c5,p24,l3,1
i38,e11,c4,p16,l2,1
i27,e01,c5,p01,l3,1
i06,e04,c3,p11,l1,1
i16,e04,c5,p23,l3,1
i23,e01,c5,p12,l3,1
i01,e01,c1,p29,l3,1
i06,e10,c5,p07,l4,1979
i38,e10,c1,p10,l3,59444
i06,e08,c5,p11,l2,1811
i38,e08,c1,p13,l2,363
i06,e12,c5,p24,l3,257
i06,e02,c5,p10,l1,3
i06,e08,c5,p25,l2,753
i01,e08,c1,p35,l3,142
i06,e08,c5,p32,l2,735
i38,e08,c1,p04,l2,69
i06,e10,c5,p08,l3,12599
i06,e10,c5,p25,l3,8425
i38,e10,c4,p12,l3,665
i38,e11,c1,p14,l2,90
i06,e11,c5,p17,l2,333
i02,e01,c1,p12,l3,145
i38,e10,c1,p31,l4,68
i03,e04,c5,p12,l3,5
i46,e08,c1,p13,l3,27
i17,e11,c5,p23,l3,29
i34,e03,c5,p07,l3,32
i41,e08,c1,p03,l3,116
i46,e11,c4,p19,l3,478
i38,e04,c1,p03,l1,71
i02,e04,c1,p18,l3,16
i34,e03,c5,p01,l3,92
i38,e10,c1,p25,l4,254
i34,e08,c5,p16,l3,24
i38,e11,c4,p19,l2,12
i46,e09,c4,p12,l3,4
i34,e08,c5,p17,l3,27
i17,e04,c5,p13,l3,36
i01,e04,c1,p35,l3,16
i17,e08,c5,p15,l3,10
i17,e01,c5,p16,l3,12
i05,e01,c1,p35,l3,31
i46,e09,c1,p02,l3,5
i05,e07,c1,p01,l3,1
i26,e11,c1,p35,l3,14
i39,e04,c5,p09,l3,17
i46,e08,c1,p10,l3,17
i02,e01,c4,p17,l3,1
i74,e08,c5,p19,l3,3
i34,e04,c5,p09,l3,3
i03,e09,c5,p05,l3,1
i38,e01,c1,p29,l3,11
i39,e09,c5,p25,l3,2
i30,e04,c1,p35,l3,3
i06,e05,c5,p29,l1,2
i07,e12,c5,p19,l3,4
i17,e09,c5,p16,l3,3
i46,e01,c4,p13,l3,3
i32,e04,c5,p35,l3,3
i34,e09,c5,p16,l3,1
i14,e05,c5,p03,l3,1
i38,e10,c4,p04,l1,5
i41,e05,c1,p19,l3,1
i27,e09,c5,p07,l3,4
i14,e04,c5,p22,l3,3
i07,e09,c5,p07,l3,1
i06,e04,c5,p29,l1,158
i06,e08,c5,p05,l2,3297
i06,e12,c5,p16,l3,940
i06,e12,c5,p28,l3,34
i38,e10,c1,p12,l3,10653
i38,e10,c1,p10,l2,2523
i17,e04,c5,p04,l3,30
i38,e01,c1,p07,l3,59
i38,e10,c1,p25,l3,1506
i17,e04,c5,p29,l3,38
i17,e04,c5,p02,l3,23
i01,e08,c1,p21,l3,12
i05,e07,c1,p10,l3,7
i38,e10,c1,p01,l2,199
i38,e10,c4,p28,l3,28
i06,e11,c5,p07,l2,451
i16,e08,c5,p08,l3,15
i02,e01,c1,p17,l3,107
i30,e04,c1,p11,l3,6
i14,e12,c5,p11,l3,300
i06,e11,c3,p18,l2,6
i38,e10,c1,p30,l4,111
i39,e01,c5,p16,l3,21
i41,e09,c1,p04,l3,10
i34,e03,c5,p29,l3,110
i38,e09,c1,p17,l2,47
i34,e08,c5,p11,l3,28
i38,e10,c1,p20,l2,43
i38,e01,c1,p16,l3,18
i23,e04,c5,p07,l3,7
i38,e12,c1,p17,l3,24
i38,e04,c1,p24,l1,22
i46,e04,c1,p15,l3,22
i30,e01,c1,p15,l3,4
i05,e12,c1,p29,l3,6
i46,e08,c1,p09,l3,8
i39,e04,c5,p22,l3,21
i14,e01,c5,p30,l3,3
i14,e09,c5,p18,l3,4
i05,e07,c1,p35,l3,10
i16,e04,c5,p22,l3,5
i38,e06,c1,p15,l3,24
i132,e01,c1,p35,l3,3
i03,e04,c5,p15,l3,4
i14,e05,c5,p10,l3,1
i46,e04,c4,p19,l3,2
i14,e09,c5,p05,l3,5
i27,e09,c5,p01,l3,3
i30,e09,c1,p24,l3,8
i17,e08,c5,p08,l3,2
i03,e09,c5,p10,l3,3
i23,e01,c5,p19,l3,3
i17,e04,c5,p35,l3,7
i12,e08,c5,p06,l3,4
i38,e08,c4,p11,l2,3
i43,e04,c1,p07,l3,7
i06,e05,c5,p07,l1,1
i27,e10,c5,p10,l3,2
i30,e04,c1,p07,l3,5
i06,e09,c5,p25,l2,14
i30,e01,c1,p01,l3,2
i88,e04,c1,p35,l3,4
i39,e04,c5,p26,l3,1
i23,e04,c5,p06,l3,1
i46,e04,c4,p18,l3,1
i81,e04,c5,p19,l3,1
i27,e09,c5,p24,l3,7
i27,e01,c5,p03,l3,1
i05,e05,c1,p19,l3,1
i38,e04,c4,p13,l1,2
i41,e09,c1,p24,l3,5
i34,e01,c5,p28,l3,1
i17,e09,c5,p02,l3,3
i09,e04,c5,p13,l3,1
i14,e08,c3,p24,l3,1
i38,e08,c4,p14,l2,1
i05,e03,c1,p13,l3,1
i06,e04,c5,p12,l1,148
i06,e04,c5,p21,l1,371
i38,e10,c1,p11,l4,2124
i38,e10,c1,p20,l3,1523
i06,e04,c5,p16,l1,243
i02,e08,c1,p21,l3,807
i17,e01,c5,p29,l3,8
i06,e04,c5,p02,l1,86
i46,e11,c1,p11,l3,2538
i38,e10,c1,p33,l3,96
i06,e10,c5,p06,l4,1232
i46,e11,c1,p02,l3,427
i38,e01,c1,p17,l3,73
i02,e01,c1,p14,l3,110
i34,e03,c5,p21,l3,58
i38,e11,c4,p21,l2,6
i06,e10,c3,p22,l3,20
i39,e04,c5,p24,l3,70
i43,e03,c1,p35,l3,3
i02,e09,c1,p29,l3,64
i38,e11,c1,p31,l2,11
i06,e04,c5,p23,l1,51
i06,e01,c5,p01,l3,79
i05,e08,c1,p21,l3,36
i13,e08,c5,p05,l3,5
i34,e08,c5,p12,l3,41
i30,e04,c1,p16,l3,17
i21,e01,c1,p21,l3,2
i16,e08,c5,p19,l3,47
i34,e08,c5,p14,l3,8
i06,e04,c5,p25,l1,22
i09,e01,c5,p01,l3,1
i34,e04,c5,p03,l3,5
i02,e04,c1,p08,l3,18
i64,e08,c3,p35,l3,3
i23,e04,c5,p24,l3,8
i38,e10,c4,p01,l4,18
i09,e01,c5,p24,l3,1
i41,e08,c1,p16,l3,2
i17,e01,c5,p15,l3,7
i32,e08,c5,p10,l3,4
i41,e11,c1,p11,l3,1
i06,e10,c3,p16,l4,7
i17,e09,c5,p10,l3,23
i66,e04,c3,p16,l3,1
i09,e09,c3,p29,l3,1
i17,e09,c5,p21,l3,3
i05,e09,c1,p01,l3,2
i43,e04,c1,p35,l3,12
i03,e04,c5,p01,l3,1
i14,e09,c5,p16,l3,3
i14,e11,c5,p12,l3,7
i01,e08,c1,p07,l3,2
i64,e11,c3,p35,l3,2
i27,e09,c5,p10,l3,6
i43,e01,c1,p13,l3,2
i38,e10,c1,p32,l1,1
i38,e06,c1,p19,l3,3
i38,e12,c4,p14,l3,2
i06,e07,c5,p10,l2,2
i05,e12,c1,p34,l3,1
i46,e01,c4,p04,l3,2
i14,e11,c5,p15,l3,4
i23,e08,c5,p03,l3,1
i38,e05,c1,p17,l1,1
i05,e08,c1,p08,l3,1
i06,e02,c5,p19,l1,3
i43,e03,c1,p04,l3,1
i43,e01,c1,p12,l3,1
i14,e05,c5,p09,l3,1
i38,e10,c4,p21,l1,1
i34,e08,c5,p22,l3,1
i27,e09,c5,p05,l3,1
i13,e03,c5,p21,l3,1
i23,e09,c5,p35,l3,2
i45,e01,c1,p21,l3,1
i06,e04,c5,p04,l1,170
i38,e10,c1,p04,l3,5107
i66,e04,c3,p19,l3,2
i17,e01,c5,p20,l3,1
i38,e10,c1,p19,l2,417
i06,e10,c5,p09,l2,21
i06,e11,c5,p08,l2,303
i38,e10,c1,p23,l4,469
i14,e08,c5,p13,l3,194
i06,e10,c5,p02,l2,70
i06,e10,c3,p19,l3,475
i05,e09,c1,p35,l3,35
i38,e11,c1,p25,l2,28
i38,e09,c1,p21,l2,46
i59,e08,c5,p10,l3,12
i46,e01,c1,p11,l3,26
i30,e09,c1,p10,l3,17
i34,e08,c5,p28,l3,2
i38,e10,c1,p11,l1,31
i46,e01,c1,p29,l3,5
i38,e10,c4,p17,l4,12
i46,e01,c4,p19,l3,5
i05,e12,c1,p08,l3,8
i05,e07,c1,p11,l3,5
i02,e09,c1,p08,l3,16
i17,e04,c5,p17,l3,14
i12,e08,c5,p16,l3,4
i47,e09,c4,p35,l3,7
i27,e10,c5,p16,l3,2
i46,e09,c4,p06,l3,2
i41,e01,c1,p01,l3,8
i46,e09,c1,p32,l3,3
i06,e10,c5,p08,l1,20
i27,e04,c5,p05,l3,6
i06,e10,c5,p28,l1,17
i06,e10,c3,p01,l1,4
i38,e09,c4,p02,l2,5
i17,e11,c5,p11,l3,22
i39,e09,c5,p14,l3,9
i14,e01,c5,p16,l3,10
i36,e04,c5,p35,l3,3
i14,e08,c3,p33,l3,3
i38,e10,c4,p20,l1,1
i38,e10,c4,p03,l1,2
i41,e01,c1,p09,l3,2
i03,e08,c5,p05,l3,13
i29,e01,c5,p07,l3,2
i06,e09,c3,p07,l2,1
i16,e09,c5,p23,l3,2
i46,e01,c1,p14,l3,1
i38,e01,c4,p14,l3,1
i73,e01,c3,p17,l3,2
i12,e08,c5,p14,l3,5
i21,e03,c1,p11,l3,3
i43,e03,c1,p17,l3,2
i21,e03,c1,p05,l3,1
i46,e04,c1,p08,l3,1
i38,e11,c1,unknown,l2,1
i12,e04,c5,p14,l3,3
i07,e08,c5,p05,l3,1
i38,e11,c4,p05,l2,1
i43,e08,c1,p13,l3,1
i81,e05,c5,p35,l3,1
i42,e05,c5,p11,l3,1
i06,e12,c5,p04,l3,476
i14,e08,c5,p07,l3,357
i02,e01,c1,p19,l3,692
i06,e12,c5,p10,l3,939
i06,e10,c5,p15,l4,3031
i06,e10,c5,p18,l4,1586
i27,e04,c5,p06,l3,2
i17,e04,c5,p21,l3,54
i02,e04,c1,p29,l3,57
i06,e10,c5,p09,l4,925
i34,e08,c5,p01,l3,20
i39,e04,c5,p02,l3,36
i02,e01,c1,p13,l3,131
i38,e11,c1,p06,l2,59
i02,e09,c1,p23,l3,27
i38,e09,c1,p15,l2,34
i02,e04,c1,p11,l3,251
i38,e10,c1,p33,l4,6
i06,e10,c5,p04,l1,56
i41,e01,c1,p28,l3,3
i46,e04,c1,p17,l3,4
i07,e12,c5,p35,l3,111
i34,e03,c5,p06,l3,87
i38,e10,c1,p09,l2,74
i46,e01,c1,p05,l3,27
i38,e10,c1,p17,l1,27
i16,e08,c5,p12,l3,8
i38,e10,c4,p35,l3,34
i38,e10,c1,p14,l1,11
i43,e09,c1,p28,l3,2
i06,e10,c3,p13,l3,40
i18,e08,c1,p35,l3,23
i39,e09,c5,p18,l3,6
i14,e09,c5,p02,l3,8
i46,e08,c1,p08,l3,2
i46,e09,c4,p07,l3,3
i12,e01,c5,p13,l3,2
i12,e09,c5,p10,l3,3
i07,e04,c5,p16,l3,6
i02,e04,c4,p09,l3,2
i46,e09,c1,p03,l3,30
i21,e01,c1,p28,l3,1
i12,e04,c5,p19,l3,20
i02,e08,c1,p28,l3,5
i38,e11,c4,p08,l2,1
i23,e03,c5,p11,l3,6
i43,e08,c1,p03,l3,2
i23,e08,c5,p01,l3,6
i38,e08,c4,p07,l2,1
i42,e05,c5,p21,l3,6
i43,e08,c1,p22,l3,8
i38,e04,c1,p25,l1,3
i09,e01,c5,p19,l3,1
i41,e07,c1,p14,l3,1
i27,e01,c5,p07,l3,3
i05,e11,c1,p05,l3,2
i46,e05,c1,p35,l3,1
i43,e09,c1,p06,l3,1
i16,e01,c5,p04,l3,2
i01,e04,c1,p28,l3,1
i38,e09,c4,p10,l2,4
i01,e08,c1,p03,l3,2
i27,e09,c5,p12,l3,2
i05,e09,c1,p24,l3,1
i14,e04,c5,p13,l3,1
i14,e04,c5,p24,l3,2
i13,e08,c5,p29,l3,1
i09,e01,c5,p09,l3,1
i41,e01,c1,p20,l3,1
i14,e11,c5,p29,l3,1
i46,e06,c1,p09,l3,2
i38,e05,c1,p03,l1,1
i38,e10,c1,p35,l3,570
i38,e10,c4,p14,l3,145
i06,e10,c5,p14,l2,35
i38,e10,c1,p03,l3,13782
i38,e11,c1,p10,l2,1013
i06,e11,c5,p29,l2,386
i06,e12,c5,p32,l3,66
i16,e08,c5,p22,l3,20
i38,e10,c1,p24,l4,661
i38,e11,c1,p15,l2,165
i06,e05,c5,p19,l1,2
i34,e09,c5,p21,l3,5
i38,e10,c1,p08,l4,380
i16,e04,c5,p19,l3,35
i17,e04,c5,p32,l3,14
i46,e11,c1,p03,l3,1104
i38,e08,c1,p28,l2,82
i06,e10,c5,p28,l4,615
i38,e10,c1,p28,l4,242
i38,e10,c4,p10,l4,122
i38,e10,c4,p06,l3,181
i49,e10,c1,p33,l3,156
i02,e09,c1,p18,l3,27
i46,e09,c7,p13,l3,11
i41,e04,c1,p02,l3,3
i38,e11,c1,p35,l2,24
i22,e05,c5,p07,l3,1
i06,e10,c3,p29,l3,20
i38,e09,c1,p18,l2,30
i06,e09,c5,p01,l2,61
i06,e07,c5,p05,l2,1
i38,e08,c1,p29,l2,86
i19,e10,c5,p10,l3,43
i34,e01,c5,p29,l3,7
i46,e11,c1,unknown,l3,60
i39,e04,c5,p23,l3,12
i38,e07,c1,p05,l2,1
i39,e04,c5,p18,l3,23
i38,e01,c1,p24,l3,19
i16,e08,c5,p13,l3,6
i38,e12,c1,p04,l3,6
i38,e10,c1,unknown,l4,4
i38,e08,c4,p17,l2,4
i22,e05,c5,p01,l3,1
i23,e09,c5,p28,l3,2
i34,e03,c5,p22,l3,8
i38,e01,c4,p19,l3,2
i46,e01,c1,p17,l3,9
i38,e09,c1,p31,l2,6
i30,e04,c1,p32,l3,1
i46,e08,c1,p01,l3,5
i38,e09,c1,p06,l2,6
i14,e04,c5,p35,l3,5
i13,e01,c5,p28,l3,2
i17,e11,c5,p03,l3,11
i06,e10,c3,p29,l4,8
i17,e11,c5,p26,l3,3
i46,e09,c1,p21,l3,12
i16,e01,c5,p02,l3,3
i27,e04,c5,p11,l3,1
i21,e09,c1,p19,l3,1
i38,e01,c7,p10,l3,1
i16,e01,c5,p18,l3,2
i14,e12,c5,p04,l3,1
i27,e09,c5,p03,l3,1
i12,e08,c5,p21,l3,4
i16,e09,c5,p21,l3,1
i06,e10,c3,p28,l4,2
i30,e01,c1,p35,l3,1
i27,e09,c5,p13,l3,1
i12,e01,c5,p05,l3,1
i46,e04,c1,p24,l3,4
i17,e11,c5,p07,l3,3
i06,e10,c3,p08,l4,1
i06,e10,c3,p23,l4,1
i38,e12,c1,p20,l3,1
i14,e08,c3,p16,l3,1
i16,e09,c5,p13,l3,2
i41,e11,c1,p02,l3,1
i06,e05,c5,p23,l1,1
i65,e04,c3,p35,l3,1
i12,e04,c5,p32,l3,1
i06,e10,c5,p10,l4,6177
i14,e08,c5,p18,l3,255
i06,e12,c5,p35,l3,385
i46,e08,c1,p29,l3,14
i46,e04,c1,p29,l3,36
i06,e04,c5,p06,l1,81
i38,e12,c1,p21,l3,85
i06,e11,c5,p35,l2,1868
i38,e11,c1,p04,l2,98
i38,e10,c4,p10,l3,706
i46,e11,c1,p19,l3,864
i06,e10,c3,p21,l3,116
i17,e11,c5,p13,l3,24
i02,e08,c1,p19,l3,2332
i02,e01,c1,p01,l3,201
i38,e10,c1,p22,l2,23
i06,e01,c5,p07,l3,77
i38,e08,c1,p07,l2,119
i05,e12,c1,p35,l3,102
i02,e04,c1,p06,l3,31
i06,e10,c3,p03,l4,10
i38,e10,c4,p08,l4,5
i39,e04,c5,p10,l3,149
i06,e11,c5,p28,l2,115
i06,e09,c5,p28,l2,29
i14,e11,c5,p10,l3,77
i29,e01,c5,p35,l3,14
i38,e10,c1,p03,l2,153
i07,e12,c5,p12,l3,3
i14,e01,c5,p12,l3,6
i06,e10,c3,p28,l3,7
i14,e08,c5,p02,l3,213
i14,e02,c5,p09,l3,1
i23,e01,c5,p07,l3,12
i38,e10,c4,p05,l3,40
i06,e04,c5,p20,l1,23
i17,e09,c5,p03,l3,12
i27,e04,c5,p35,l3,7
i14,e09,c5,p04,l3,2
i03,e10,c5,p10,l3,7
i09,e04,c5,p10,l3,3
i30,e09,c1,p14,l3,3
i16,e08,c5,p10,l3,45
i01,e01,c1,p01,l3,3
i17,e01,c5,p01,l3,12
i06,e10,c3,p24,l3,5
i39,e09,c5,p22,l3,15
i14,e11,c5,p04,l3,1
i38,e10,c7,p32,l2,2
i46,e09,c4,p13,l3,4
i17,e04,c5,p09,l3,19
i46,e09,c1,unknown,l3,1
i38,e10,c4,p29,l2,2
i17,e01,c5,p06,l3,5
i38,e11,c1,p26,l2,13
i39,e09,c5,p26,l3,2
i16,e05,c5,p24,l3,2
i38,e07,c1,p10,l2,6
i16,e04,c5,p07,l3,3
i46,e04,c1,unknown,l3,2
i14,e04,c5,p01,l3,7
i14,e01,c5,p32,l3,2
i38,e01,c4,p21,l3,1
i61,e01,c1,p35,l3,8
i38,e11,c4,p06,l2,2
i41,e12,c1,p21,l3,1
i06,e07,c5,p19,l2,3
i54,e04,c1,p35,l3,1
i03,e04,c5,p11,l3,1
i27,e04,c5,p15,l3,1
i46,e11,c1,p24,l3,3
i23,e04,c5,p21,l3,2
i01,e09,c1,p13,l3,6
i16,e08,c5,p32,l3,1
i02,e11,c1,p13,l3,1
i01,e04,c1,p13,l3,1
i38,e05,c1,p12,l1,1
i23,e01,c5,p03,l3,4
i17,e01,c5,p11,l3,1
i46,e11,c1,unknown,l3,1
i01,e08,c1,p20,l3,1
i05,e03,c1,p24,l3,1
i17,e04,c5,p30,l3,1
i14,e09,c5,p25,l3,3
i38,e08,c1,p19,l2,507
i06,e10,c5,p12,l3,30990
i03,e04,c5,p18,l3,1
i06,e08,c5,p02,l2,646
i18,e09,c1,p35,l3,16
i17,e08,c5,p28,l3,10
i43,e01,c1,p28,l3,4
i06,e10,c5,p12,l4,1834
i06,e01,c5,p03,l3,118
i39,e04,c5,p13,l3,47
i38,e10,c1,p01,l3,13798
i06,e12,c5,p31,l3,11
i17,e08,c5,p16,l3,32
i38,e01,c1,p11,l3,54
i38,e10,c1,unknown,l3,68
i02,e04,c1,p17,l3,109
i06,e10,c5,p14,l4,1205
i06,e10,c5,p21,l2,136
i02,e04,c1,p19,l3,977
i39,e01,c5,p35,l3,315
i38,e10,c4,p21,l4,34
i38,e10,c1,p04,l2,67
i42,e05,c3,p07,l3,77
i06,e11,c5,p32,l2,146
i46,e08,c1,p17,l3,2
i02,e04,c1,p01,l3,216
i02,e08,c1,p23,l3,381
i46,e11,c1,p22,l3,60
i34,e08,c5,p15,l3,10
i38,e08,c1,p08,l2,22
i06,e10,c3,p11,l1,4
i06,e10,c3,p15,l4,35
i01,e11,c1,p35,l3,21
i05,e12,c1,p10,l3,122
i30,e09,c1,p11,l3,6
i16,e01,c5,p05,l3,10
i46,e12,c4,p35,l3,2
i46,e01,c4,p03,l3,8
i38,e10,c4,p29,l3,15
i02,e09,c1,p22,l3,22
i06,e10,c5,p06,l1,28
i02,e09,c1,p28,l3,16
i34,e08,c5,p13,l3,11
i14,e11,c5,p02,l3,3
i34,e03,c5,p31,l3,5
i38,e10,c4,p07,l2,3
i43,e04,c1,p28,l3,4
i41,e09,c1,p09,l3,1
i27,e01,c5,p16,l3,6
i16,e04,c5,p03,l3,12
i38,e10,c1,p29,l1,15
i14,e11,c5,p25,l3,1
i01,e11,c1,p10,l3,6
i38,e10,c4,p29,l4,12
i13,e11,c5,p19,l3,15
i27,e01,c5,p05,l3,2
i17,e11,c5,p31,l3,30
i46,e01,c1,p15,l3,19
i01,e04,c1,p11,l3,1
i23,e01,c5,p01,l3,7
i38,e05,c1,p10,l1,1
i17,e04,c5,p07,l3,9
i05,e09,c1,p20,l3,1
i38,e06,c4,p19,l3,2
i07,e12,c5,p02,l3,2
i38,e11,c4,p01,l2,3
i80,e01,c3,p35,l3,1
i43,e01,c1,p14,l3,3
i38,e11,c4,p04,l2,1
i43,e09,c1,p13,l3,2
i45,e09,c1,p03,l3,1
i46,e01,c4,p11,l3,1
i06,e04,c3,p21,l1,3
i38,e07,c1,p13,l2,1
i22,e02,c5,p35,l3,1
i42,e02,c5,p10,l3,1
i46,e09,c1,p08,l3,1
i19,e11,c5,p35,l3,1
i06,e10,c5,p19,l3,98754
i39,e04,c5,p15,l3,27
i06,e08,c5,p29,l2,2685
i14,e08,c5,p06,l3,156
i06,e10,c5,p16,l3,49023
i17,e04,c5,p11,l3,46
i06,e10,c5,p31,l3,2644
i06,e10,c5,p11,l4,2285
i06,e11,c5,p03,l2,469
i34,e03,c5,p12,l3,78
i38,e10,c4,p13,l3,112
i38,e11,c1,p23,l2,51
i30,e01,c1,p13,l3,3
i02,e01,c1,p05,l3,56
i05,e01,c1,p01,l3,2
i17,e11,c5,p02,l3,28
i02,e01,c1,p02,l3,29
i38,e10,c4,p17,l3,86
i48,e11,c1,p11,l3,3
i41,e08,c1,p04,l3,9
i06,e10,c5,p25,l2,48
i22,e05,c5,p35,l3,22
i14,e01,c5,p19,l3,15
i39,e01,c5,p22,l3,17
i34,e04,c5,p20,l3,1
i23,e08,c5,p10,l3,13
i06,e08,c5,p26,l2,204
i39,e04,c5,p19,l3,103
i23,e09,c5,p24,l3,7
i02,e04,c1,p20,l3,17
i34,e01,c5,p02,l3,5
i46,e11,c1,p29,l3,33
i13,e12,c5,p21,l3,1
i39,e01,c5,p12,l3,16
i17,e11,c5,p01,l3,17
i14,e04,c5,p15,l3,38
i41,e04,c1,p10,l3,19
i12,e04,c5,p17,l3,8
i38,e10,c4,p23,l3,8
i01,e04,c1,p19,l3,2
i03,e09,c5,p35,l3,1
i05,e12,c1,p13,l3,17
i38,e11,c1,p20,l2,21
i34,e08,c5,p05,l3,6
i39,e01,c3,p35,l3,1
i38,e01,c1,p31,l3,8
i41,e08,c1,p13,l3,6
i39,e01,c5,p28,l3,10
i13,e03,c5,p35,l3,2
i17,e01,c5,p17,l3,7
i34,e04,c5,p04,l3,3
i38,e07,c1,p24,l2,1
i30,e01,c1,p05,l3,2
i06,e11,c3,p15,l2,5
i06,e08,c3,p10,l2,14
i42,e02,c5,p21,l3,2
i30,e04,c1,p14,l3,4
i43,e08,c1,p01,l3,2
i06,e09,c3,p11,l2,1
i05,e07,c1,p18,l3,3
i27,e01,c5,p15,l3,2
i06,e12,c5,p33,l3,10
i43,e09,c1,p12,l3,2
i38,e11,c4,p31,l2,1
i05,e03,c1,p12,l3,3
i41,e09,c1,p06,l3,1
i14,e02,c3,p33,l3,2
i43,e03,c1,p11,l3,2
i23,e08,c5,p07,l3,3
i38,e01,c1,p26,l3,3
i03,e08,c5,p18,l3,2
i46,e01,c1,unknown,l3,4
i03,e09,c5,p16,l3,1
i46,e11,c1,p06,l3,2
i34,e09,c5,p22,l3,4
i05,e12,c1,p05,l3,1
i05,e01,c1,p13,l3,1
i23,e04,c5,p28,l3,1
i03,e01,c5,p19,l3,1
i05,e09,c1,p16,l3,1
i43,e08,c1,p17,l3,1
i67,e08,c5,p07,l3,1
i31,e09,c1,p21,l3,1
i16,e08,c5,p07,l3,1
i09,e09,c5,p10,l3,1
i06,e10,c5,p22,l3,14025
i17,e08,c5,p12,l3,58
i14,e08,c5,p23,l3,144
i38,e10,c1,p18,l3,5391
i38,e10,c1,p22,l1,11
i38,e08,c1,p03,l2,250
i06,e10,c5,p33,l4,21
i38,e10,c1,p18,l2,100
i06,e10,c5,p14,l3,22640
i06,e10,c5,p17,l3,37006
i02,e08,c1,p07,l3,121
i17,e04,c5,p15,l3,27
i06,e10,c5,p02,l4,942
i06,e11,c5,p05,l2,455
i38,e10,c1,p32,l4,308
i38,e04,c1,p06,l1,15
i41,e07,c1,p03,l3,1
i02,e04,c1,p07,l3,78
i38,e10,c4,p15,l4,52
i06,e04,c5,p13,l1,107
i06,e04,c5,p09,l1,90
i41,e09,c1,p17,l3,9
i34,e03,c5,p13,l3,37
i06,e09,c5,p35,l2,92
i39,e04,c5,p31,l3,45
i38,e10,c4,p18,l4,22
i38,e04,c1,p09,l1,26
i30,e04,c1,p21,l3,26
i38,e10,c1,p01,l1,45
i46,e11,c4,p03,l3,9
i41,e09,c1,p20,l3,3
i02,e09,c1,p06,l3,44
i30,e01,c1,p06,l3,13
i39,e09,c5,p08,l3,15
i23,e09,c5,p18,l3,5
i30,e04,c1,p12,l3,12
i27,e04,c5,p12,l3,2
i06,e08,c3,p11,l2,9
i25,e08,c5,p24,l3,9
i41,e04,c1,p17,l3,2
i14,e11,c5,p35,l3,5
i03,e01,c5,p21,l3,6
i38,e10,c4,p24,l4,34
i13,e08,c5,p03,l3,4
i41,e09,c1,p15,l3,13
i46,e09,c1,p23,l3,9
i06,e09,c5,p33,l2,5
i34,e04,c5,p24,l3,14
i38,e06,c1,p28,l3,12
i01,e01,c1,p20,l3,3
i41,e01,c1,p14,l3,1
i41,e01,c1,p25,l3,2
i38,e10,c4,p21,l2,2
i05,e08,c1,p05,l3,1
i06,e08,c3,p18,l2,5
i41,e01,c1,p23,l3,5
i46,e04,c1,p32,l3,4
i03,e01,c5,p10,l3,3
i21,e12,c1,p08,l3,1
i22,e05,c5,p29,l3,2
i02,e11,c1,p03,l3,2
i38,e05,c1,p08,l1,1
i46,e08,c4,p22,l3,2
i66,e04,c3,p12,l3,1
i67,e09,c5,p18,l3,1
i34,e05,c5,p31,l3,1
i06,e05,c5,p12,l1,1
i21,e09,c1,p21,l3,1
i06,e12,c5,p01,l3,550
i02,e08,c1,p10,l3,1402
i38,e10,c1,p19,l4,4362
i06,e10,c5,p03,l3,33276
i06,e08,c5,p28,l2,333
i06,e10,c5,p12,l2,43
i46,e11,c4,p35,l3,3913
i14,e12,c5,p05,l3,8
i06,e11,c5,p06,l2,279
i06,e10,c5,p24,l3,26602
i12,e08,c5,p24,l3,4
i46,e11,c1,p04,l3,685
i06,e01,c5,p10,l3,228
i38,e10,c4,p24,l3,235
i46,e09,c1,p15,l3,12
i38,e11,c1,p22,l2,64
i38,e08,c4,p19,l2,12
i02,e01,c1,p25,l3,16
i74,e08,c5,p29,l3,17
i14,e04,c5,p09,l3,10
i39,e09,c5,p01,l3,36
i34,e01,c5,p21,l3,14
i06,e10,c5,p22,l2,44
i34,e08,c5,p08,l3,4
i17,e04,c5,p22,l3,30
i30,e01,c1,p29,l3,15
i38,e10,c7,p12,l3,15
i14,e04,c5,p23,l3,3
i39,e01,c5,p18,l3,22
i46,e08,c1,p24,l3,12
i06,e01,c3,p23,l3,5
i34,e08,c5,p07,l3,13
i46,e04,c4,p11,l3,43
i06,e02,c5,p16,l1,2
i14,e04,c5,p11,l3,1
i13,e08,c5,p21,l3,20
i27,e01,c5,p11,l3,7
i49,e06,c1,p33,l3,2
i38,e01,c1,p22,l3,7
i03,e01,c5,p24,l3,1
i46,e08,c1,p32,l3,7
i46,e09,c1,p04,l3,8
i17,e01,c5,p12,l3,9
i38,e10,c1,p02,l1,7
i132,e09,c1,p35,l3,4
i23,e04,c5,p19,l3,9
i26,e01,c1,p35,l3,3
i14,e08,c3,p13,l3,1
i66,e04,c3,p32,l3,1
i06,e09,c3,p12,l2,1
i23,e09,c5,p23,l3,3
i23,e04,c5,p02,l3,2
i41,e07,c1,p32,l3,1
i39,e09,c5,p20,l3,2
i19,e01,c5,p10,l3,3
i41,e11,c1,p24,l3,4
i46,e09,c4,p29,l3,3
i06,e04,c3,p23,l1,3
i13,e03,c5,p01,l3,1
i06,e01,c5,p33,l3,6
i09,e04,c5,p25,l3,2
i46,e01,c1,p30,l3,1
i44,e09,c3,p24,l3,2
i13,e08,c5,p07,l3,1
i43,e01,c1,p01,l3,3
i46,e09,c4,p08,l3,1
i20,e08,c5,p35,l3,1
i46,e01,c1,unknown,l3,3
i06,e05,c5,p10,l1,1
i41,e08,c1,p23,l3,2
i38,e12,c1,p29,l3,2
i05,e04,c1,p19,l3,3
i38,e12,c1,p12,l3,4
i14,e01,c5,p23,l3,2
i34,e01,c5,p16,l3,2
i12,e09,c5,p04,l3,1
i38,e05,c1,p16,l1,1
i14,e08,c3,p14,l3,1
i99,e05,c5,p35,l3,1
i34,e03,c3,p12,l3,1
i01,e09,c1,p14,l3,1
i05,e08,c1,p35,l3,252
i12,e04,c5,p07,l3,4
i46,e04,c1,p35,l3,2418
i06,e04,c5,p19,l1,549
i17,e04,c5,p20,l3,4
i38,e10,c1,p08,l3,2810
i06,e08,c5,p23,l2,1205
i17,e04,c5,p05,l3,25
i38,e10,c1,p06,l4,472
i38,e10,c1,p05,l4,1314
i38,e10,c1,p12,l4,1308
i43,e09,c1,p19,l3,16
i38,e10,c1,p28,l3,1469
i38,e10,c4,p09,l3,209
i06,e10,c5,p23,l4,1035
i06,e10,c3,p18,l3,282
i06,e10,c3,p10,l3,85
i06,e10,c5,p25,l4,505
i06,e09,c5,p13,l2,46
i02,e01,c1,p15,l3,128
i38,e10,c1,p15,l2,62
i38,e08,c1,p12,l2,168
i38,e10,c1,p23,l2,54
i06,e09,c5,p03,l2,100
i01,e04,c1,p01,l3,5
i05,e12,c1,p17,l3,9
i06,e10,c5,p28,l2,62
i38,e04,c1,p13,l1,130
i46,e01,c1,p19,l3,60
i05,e01,c1,p19,l3,11
i06,e08,c3,p01,l2,22
i38,e10,c1,unknown,l3,16
i34,e03,c5,p23,l3,34
i41,e11,c1,p19,l3,10
i17,e04,c5,p28,l3,12
i34,e03,c5,p14,l3,20
i38,e04,c4,p21,l1,2
i20,e04,c5,p15,l3,2
i16,e08,c5,p23,l3,2
i16,e08,c5,p28,l3,2
i38,e10,c1,p25,l1,6
i17,e11,c5,p25,l3,4
i03,e10,c5,p12,l3,2
i42,e05,c3,p28,l3,1
i38,e10,c4,p09,l2,2
i38,e12,c1,p23,l3,2
i14,e08,c5,p26,l3,9
i21,e03,c1,p24,l3,1
i34,e01,c5,p06,l3,7
i34,e04,c5,p33,l3,6
i46,e01,c1,p18,l3,6
i23,e04,c5,p04,l3,8
i23,e04,c5,p11,l3,1
i09,e04,c5,p19,l3,2
i17,e11,c5,p20,l3,8
i27,e09,c5,p16,l3,1
i14,e09,c5,p35,l3,3
i34,e01,c5,p03,l3,2
i05,e09,c1,p05,l3,1
i43,e01,c1,p03,l3,4
i05,e07,c1,p03,l3,1
i21,e03,c1,p01,l3,2
i30,e09,c1,p35,l3,1
i06,e05,c5,p11,l1,2
i43,e01,c1,p06,l3,1
i38,e10,c4,p06,l2,2
i41,e11,c1,p12,l3,2
i05,e12,c1,p25,l3,1
i46,e06,c4,p35,l3,1
i31,e11,c1,p19,l3,1
i41,e01,c1,p05,l3,1
i06,e08,c5,p04,l2,1516
i02,e09,c1,p35,l3,31
i38,e09,c1,p01,l2,47
i38,e10,c1,p18,l1,90
i06,e10,c5,p22,l4,833
i06,e04,c5,p05,l1,354
i02,e01,c1,p10,l3,264
i46,e11,c1,p08,l3,117
i41,e04,c1,p35,l3,48
i14,e08,c5,p11,l3,391
i06,e11,c5,p23,l2,474
i07,e08,c5,p16,l3,66
i38,e10,c1,p24,l2,61
i06,e01,c5,p35,l3,98
i17,e04,c5,p01,l3,53
i39,e09,c5,p13,l3,13
i06,e10,c5,p22,l1,25
i06,e10,c3,p14,l3,51
i39,e04,c5,p04,l3,60
i05,e07,c1,p19,l3,14
i34,e03,c5,p19,l3,203
i38,e10,c1,p17,l2,118
i06,e11,c5,p09,l2,234
i02,e08,c1,p14,l3,168
i41,e04,c1,p11,l3,2
i14,e05,c3,p33,l3,3
i34,e01,c5,p19,l3,33
i02,e04,c1,p31,l3,21
i06,e01,c5,p02,l3,65
i06,e10,c5,p18,l1,59
i41,e08,c1,p12,l3,13
i05,e01,c1,p11,l3,8
i38,e01,c1,p02,l3,10
i16,e08,c5,p20,l3,3
i02,e04,c4,p10,l3,1
i17,e09,c5,p11,l3,6
i16,e09,c5,p07,l3,1
i06,e10,c5,p31,l2,13
i13,e11,c5,p21,l3,12
i05,e08,c1,p10,l3,9
i17,e04,c5,p06,l3,21
i14,e12,c5,p19,l3,9
i13,e11,c5,p25,l3,2
i34,e08,c5,p24,l3,5
i38,e07,c1,p03,l2,1
i41,e01,c1,p29,l3,4
i06,e08,c5,p33,l2,2
i23,e03,c5,p19,l3,7
i41,e09,c1,p01,l3,7
i34,e01,c5,p18,l3,3
i73,e01,c3,p35,l3,3
i26,e09,c1,p35,l3,5
i12,e09,c5,p03,l3,2
i14,e12,c5,p15,l3,2
i23,e09,c5,p15,l3,4
i16,e09,c5,p04,l3,3
i12,e09,c5,p05,l3,1
i16,e04,c5,p05,l3,3
i14,e01,c5,p14,l3,2
i32,e08,c5,p12,l3,3
i13,e08,c5,p22,l3,2
i06,e02,c5,p21,l1,3
i06,e07,c5,p20,l2,1
i22,e05,c5,p15,l3,2
i38,e11,c4,p29,l2,2
i06,e11,c3,p12,l2,1
i74,e11,c5,p10,l3,1
i38,e10,c1,p30,l1,1
i22,e02,c5,p15,l3,1
i29,e01,c5,p04,l3,1
i14,e02,c5,p28,l3,1
i06,e08,c5,p17,l2,2409
i15,e09,c2,p35,l3,1349
i32,e11,c5,p35,l3,101
i14,e08,c5,p03,l3,251
i06,e01,c5,p15,l3,136
i38,e11,c1,p09,l2,79
i06,e10,c5,p09,l3,15621
i06,e01,c5,p16,l3,151
i12,e09,c5,p19,l3,5
i38,e11,c1,p03,l2,306
i06,e08,c3,p03,l2,7
i06,e10,c5,p01,l4,2442
i06,e10,c5,p13,l1,83
i38,e01,c1,p13,l3,235
i06,e10,c5,p31,l4,181
i06,e10,c5,p07,l1,73
i06,e09,c5,p10,l2,196
i02,e04,c1,p14,l3,92
i38,e09,c1,p11,l2,55
i38,e10,c4,p08,l3,6
i14,e09,c5,p01,l3,2
i38,e12,c1,p08,l3,87
i41,e01,c1,p13,l3,3
i05,e12,c1,p11,l3,31
i75,e08,c1,p35,l3,45
i13,e08,c5,p10,l3,121
i39,e01,c5,p19,l3,75
i38,e10,c4,p14,l2,6
i38,e10,c4,p13,l2,12
i46,e11,c1,p12,l3,128
i06,e10,c3,p05,l3,55
i38,e09,c4,p19,l2,8
i38,e09,c1,p09,l2,23
i34,e03,c5,p17,l3,75
i43,e04,c1,p03,l3,1
i16,e04,c5,p21,l3,18
i30,e04,c1,p15,l3,9
i07,e12,c5,p05,l3,28
i14,e09,c5,p24,l3,5
i38,e04,c1,p04,l1,18
i23,e09,c5,p21,l3,5
i39,e04,c5,p29,l3,12
i17,e08,c5,p24,l3,22
i06,e12,c5,p30,l3,3
i38,e10,c4,p32,l3,4
i05,e09,c1,p22,l3,2
i38,e10,c1,p28,l1,6
i01,e04,c1,p25,l3,7
i38,e10,c1,p12,l1,22
i23,e09,c5,p03,l3,8
i16,e04,c5,p20,l3,2
i16,e04,c5,p12,l3,7
i23,e03,c5,p03,l3,2
i05,e09,c1,p23,l3,4
i23,e11,c5,p16,l3,2
i34,e09,c5,p17,l3,2
i38,e10,c4,p12,l2,4
i14,e04,c5,p25,l3,5
i17,e09,c5,p08,l3,2
i38,e10,c7,p13,l2,6
i05,e12,c1,p04,l3,3
i34,e09,c5,p01,l3,8
i46,e09,c4,p21,l3,1
i05,e08,c1,p29,l3,1
i46,e08,c1,p12,l3,6
i23,e01,c5,p21,l3,1
i14,e08,c3,p35,l3,3
i13,e11,c5,p01,l3,4
i16,e11,c5,p07,l3,1
i39,e04,c3,p35,l3,2
i25,e08,c5,p12,l3,1
i06,e02,c5,p12,l1,1
i34,e09,c5,p29,l3,2
i06,e07,c5,p03,l2,1
i41,e09,c1,p05,l3,1
i01,e09,c1,p29,l3,1
i27,e09,c5,p18,l3,1
i05,e04,c1,p28,l3,1
i21,e05,c1,p11,l3,1
i05,e08,c1,p03,l3,2
i06,e12,c3,p07,l3,1
i46,e09,c4,p23,l3,1
i12,e09,c5,p12,l3,1
i14,e08,c5,p17,l3,34
i17,e01,c5,p04,l3,4
i06,e08,c5,p22,l2,1620
i38,e10,c1,p26,l3,245
i17,e08,c5,p07,l3,6
i38,e08,c1,p10,l2,1711
i02,e08,c1,p01,l3,377
i47,e04,c1,p35,l3,418
i38,e09,c1,p07,l2,60
i38,e10,c1,p06,l3,3835
i38,e08,c1,p17,l2,257
i46,e01,c1,unknown,l3,8
i34,e08,c5,p02,l3,13
i06,e10,c5,p13,l3,27991
i38,e11,c1,p16,l2,130
i06,e10,c5,p23,l3,15367
i46,e04,c1,p10,l3,84
i06,e10,c5,p26,l4,110
i46,e11,c1,p15,l3,965
i38,e10,c1,p32,l2,23
i38,e01,c1,p23,l3,21
i06,e10,c5,p20,l4,282
i14,e01,c5,p18,l3,3
i06,e04,c5,p35,l1,177
i38,e08,c1,p24,l2,88
i38,e10,c4,p09,l4,33
i46,e11,c4,p11,l3,70
i27,e09,c5,p11,l3,6
i07,e12,c5,p15,l3,32
i06,e10,c3,p20,l3,4
i41,e04,c1,p04,l3,18
i34,e03,c5,p24,l3,50
i39,e04,c5,p12,l3,44
i39,e01,c5,p05,l3,24
i41,e01,c1,p10,l3,23
i41,e08,c1,p02,l3,39
i17,e11,c5,p17,l3,65
i38,e06,c4,p03,l3,13
i38,e08,c1,p02,l2,183
i14,e01,c5,p02,l3,8
i17,e11,c5,p32,l3,11
i38,e06,c1,p10,l3,34
i39,e09,c5,p32,l3,12
i17,e08,c5,p04,l3,8
i38,e12,c1,p06,l3,10
i38,e12,c1,p07,l3,11
i38,e10,c7,p21,l3,8
i05,e03,c1,p23,l3,5
i06,e05,c5,p32,l1,2
i06,e05,c5,p22,l1,4
i34,e09,c5,p11,l3,5
i16,e08,c5,p05,l3,10
i38,e10,c4,p10,l1,5
i88,e11,c1,p35,l3,3
i05,e04,c1,p01,l3,3
i46,e04,c7,p13,l3,2
i38,e10,c4,p28,l4,2
i38,e12,c4,p12,l3,1
i46,e08,c4,p15,l3,1
i46,e04,c1,p16,l3,2
i03,e01,c5,p14,l3,1
i12,e09,c5,p14,l3,1
i30,e09,c1,p03,l3,1
i14,e09,c3,p33,l3,1
i42,e05,c5,p24,l3,1
i38,e09,c1,p32,l2,1
i38,e09,c7,p10,l2,1
i02,e08,c4,p19,l3,1
i21,e12,c1,p19,l3,1
i03,e04,c5,p04,l3,1
i03,e09,c5,p17,l3,2
i30,e04,c1,p10,l3,41
i38,e10,c1,p15,l3,9933
i06,e08,c5,p14,l2,836
i29,e09,c5,p35,l3,5
i17,e08,c5,p19,l3,34
i38,e10,c1,unknown,l3,27
i38,e10,c1,p07,l4,1776
i38,e10,c1,p29,l4,569
i06,e10,c5,p32,l4,539
i38,e10,c1,p13,l2,539
i06,e10,c5,p24,l1,42
i05,e01,c1,p09,l3,2
i38,e08,c1,p20,l2,30
i06,e09,c5,p24,l2,67
i06,e11,c5,p11,l2,516
i16,e01,c5,p21,l3,11
i06,e10,c5,p35,l2,112
i17,e09,c5,p06,l3,15
i88,e09,c1,p35,l3,6
i06,e10,c5,p32,l1,28
i46,e11,c1,p13,l3,428
i38,e08,c7,p13,l2,2
i41,e08,c1,p11,l3,8
i06,e10,c5,p29,l1,51
i16,e09,c5,p01,l3,17
i46,e08,c1,p03,l3,25
i43,e09,c1,p04,l3,7
i38,e01,c1,p30,l3,2
i16,e09,c5,p19,l3,11
i23,e04,c5,p16,l3,9
i05,e08,c1,p16,l3,15
i05,e01,c1,p18,l3,1
i05,e12,c1,p21,l3,12
i39,e09,c5,p31,l3,27
i06,e08,c3,p22,l2,72
i12,e08,c5,p17,l3,6
i38,e10,c4,p35,l4,22
i27,e01,c5,p17,l3,3
i38,e09,c4,p21,l2,5
i41,e01,c1,p24,l3,5
i41,e07,c1,p35,l3,7
i16,e09,c5,p15,l3,6
i05,e09,c4,p11,l3,1
i38,e04,c1,p30,l1,1
i46,e04,c1,unknown,l3,4
i03,e08,c5,p11,l3,1
i38,e04,c1,unknown,l1,2
i38,e12,c1,p14,l3,1
i01,e08,c1,p14,l3,4
i38,e10,c4,p20,l4,3
i41,e08,c1,p15,l3,4
i46,e01,c1,p16,l3,5
i27,e01,c5,p29,l3,2
i42,e05,c5,p01,l3,2
i16,e08,c5,p02,l3,1
i01,e08,c1,p25,l3,4
i03,e09,c5,p19,l3,1
i46,e01,c1,unknown,l3,7
i67,e08,c5,p24,l3,6
i36,e09,c5,p35,l3,1
i48,e11,c1,p17,l3,2
i16,e04,c5,p25,l3,1
i39,e01,c5,p09,l3,1
i42,e05,c3,p19,l3,2
i12,e01,c5,p03,l3,1
i41,e07,c1,p17,l3,1
i27,e09,c5,p21,l3,1
i38,e10,c1,p30,l2,3
i88,e08,c1,p35,l3,1
i06,e08,c5,p19,l2,9022
i06,e10,c5,p20,l3,4324
i34,e04,c5,p21,l3,22
i46,e09,c4,p17,l3,3
i38,e01,c1,p19,l3,102
i38,e08,c1,p01,l2,188
i06,e10,c5,p03,l2,98
i38,e10,c4,p03,l3,330
i38,e10,c1,p11,l2,189
i06,e11,c5,p16,l2,596
i06,e10,c5,p01,l1,89
i38,e12,c1,p19,l3,8
i06,e10,c5,p08,l2,61
i38,e10,c4,p07,l4,43
i38,e01,c1,p10,l3,264
i34,e04,c5,p19,l3,70
i34,e03,c5,p03,l3,76
i06,e11,c5,p02,l2,178
i41,e01,c1,p35,l3,43
i39,e04,c5,p14,l3,8
i21,e04,c1,p10,l3,3
i38,e10,c1,p16,l2,62
i46,e01,c1,p06,l3,6
i02,e08,c1,p17,l3,214
i34,e01,c5,p35,l3,88
i39,e09,c5,p21,l3,50
i17,e01,c5,p10,l3,16
i06,e10,c5,p02,l1,34
i39,e09,c5,p19,l3,49
i46,e11,c4,p18,l3,311
i43,e12,c1,p13,l3,3
i16,e08,c5,p24,l3,54
i14,e08,c5,p28,l3,30
i34,e03,c5,p18,l3,59
i05,e12,c1,p06,l3,2
i02,e01,c1,p09,l3,31
i17,e04,c5,p03,l3,37
i34,e04,c5,p29,l3,14
i14,e11,c5,p16,l3,38
i14,e01,c5,p15,l3,19
i39,e09,c5,p29,l3,10
i14,e04,c5,p16,l3,17
i14,e04,c5,p07,l3,4
i38,e10,c1,unknown,l3,12
i17,e08,c5,p21,l3,53
i46,e11,c1,unknown,l3,45
i05,e04,c1,p07,l3,4
i06,e10,c5,p30,l1,2
i12,e09,c5,p17,l3,2
i38,e04,c1,p18,l1,7
i46,e09,c1,p17,l3,6
i38,e11,c4,p35,l2,5
i38,e09,c1,p04,l2,17
i27,e01,c5,p18,l3,1
i46,e09,c1,p28,l3,20
i38,e04,c1,p01,l1,27
i27,e09,c5,p17,l3,1
i34,e08,c5,p29,l3,4
i34,e04,c5,p23,l3,1
i34,e04,c5,p11,l3,11
i30,e01,c1,p03,l3,4
i05,e09,c1,p29,l3,4
i41,e07,c1,p21,l3,3
i27,e09,c5,p19,l3,2
i41,e01,c1,p04,l3,3
i05,e01,c1,p14,l3,1
i47,e01,c4,p35,l3,1
i38,e01,c4,p24,l3,5
i38,e10,c4,p31,l4,4
i16,e11,c5,p03,l3,2
i46,e09,c1,p29,l3,8
i23,e03,c5,p07,l3,7
i14,e08,c5,p09,l3,32
i43,e03,c1,p15,l3,1
i23,e09,c5,p10,l3,4
i38,e10,c1,unknown,l3,10
i03,e01,c5,p12,l3,1
i38,e01,c4,p13,l3,1
i17,e09,c5,p13,l3,5
i23,e04,c5,p22,l3,1
i30,e04,c1,p08,l3,1
i34,e09,c5,p02,l3,2
i17,e08,c5,p31,l3,1
i16,e09,c5,p11,l3,3
i43,e12,c1,p15,l3,1
i34,e05,c5,p22,l3,1
i46,e11,c4,p29,l3,1
i01,e08,c1,p06,l3,1
i16,e01,c5,p06,l3,1
i02,e11,c1,p21,l3,1
i38,e07,c1,p12,l2,1
i06,e07,c5,p21,l2,1
i06,e07,c5,p06,l2,1
i06,e08,c5,p15,l2,3102
i06,e12,c5,p09,l3,59
i38,e10,c1,p09,l3,4808
i02,e08,c1,p03,l3,369
i39,e04,c5,p35,l3,627
i38,e10,c1,p25,l2,13
i38,e10,c1,p07,l3,11974
i06,e10,c5,p10,l1,164
i39,e04,c5,p06,l3,14
i42,e05,c3,p09,l3,22
i14,e12,c5,p32,l3,308
i06,e11,c5,p24,l2,374
i06,e10,c5,p13,l2,31
i46,e09,c1,p19,l3,57
i38,e01,c1,p18,l3,29
i02,e04,c1,p21,l3,108
i41,e01,c1,p19,l3,37
i41,e08,c1,p21,l3,56
i06,e10,c3,p08,l3,30
i16,e08,c5,p01,l3,24
i06,e01,c5,p18,l3,57
i13,e11,c5,p13,l3,3
i46,e08,c1,p02,l3,19
i46,e11,c1,p18,l3,39
i06,e10,c3,p09,l4,2
i23,e03,c5,p02,l3,5
i38,e04,c1,p15,l1,23
i05,e12,c1,p03,l3,23
i21,e01,c1,p15,l3,3
i41,e04,c1,p19,l3,26
i39,e01,c5,p21,l3,49
i38,e04,c1,p23,l1,16
i39,e04,c5,p25,l3,24
i14,e08,c5,p14,l3,173
i14,e11,c5,p19,l3,27
i41,e04,c1,p20,l3,1
i05,e09,c1,p08,l3,4
i05,e08,c1,p19,l3,40
i38,e12,c1,p01,l3,4
i17,e08,c5,p03,l3,21
i38,e10,c7,p13,l3,17
i43,e01,c1,p04,l3,14
i28,e01,c1,p35,l3,1
i38,e01,c1,p25,l3,9
i12,e04,c5,p13,l3,12
i38,e04,c4,p10,l1,1
i36,e08,c5,p35,l3,14
i20,e05,c5,p35,l3,3
i16,e08,c5,p25,l3,16
i19,e10,c5,p10,l4,2
i14,e11,c5,p17,l3,3
i14,e08,c3,p15,l3,76
i46,e04,c1,p02,l3,3
i17,e04,c5,p26,l3,4
i59,e08,c5,p01,l3,2
i17,e04,c5,p08,l3,4
i43,e12,c1,p19,l3,6
i30,e09,c1,p05,l3,1
i46,e04,c4,p22,l3,1
i46,e04,c1,p04,l3,6
i68,e05,c1,p35,l3,1
i41,e01,c1,p15,l3,2
i22,e05,c5,p10,l3,4
i12,e09,c5,p01,l3,2
i09,e01,c5,p11,l3,1
i38,e10,c1,p35,l1,1
i16,e09,c5,p14,l3,1
i42,e05,c5,p18,l3,2
i05,e01,c1,p21,l3,2
i30,e09,c1,p07,l3,10
i34,e01,c5,p14,l3,5
i23,e09,c5,p29,l3,1
i46,e04,c4,p16,l3,1
i48,e11,c1,p07,l3,1
i05,e09,c1,p18,l3,1
i03,e08,c5,p01,l3,1
i38,e11,c1,unknown,l2,1
i06,e12,c5,p17,l3,229
i06,e01,c5,p21,l3,147
i38,e10,c1,p04,l4,681
i06,e10,c5,p32,l2,52
i06,e10,c5,p15,l1,227
i17,e11,c5,p21,l3,51
i06,e10,c3,p01,l3,175
i02,e09,c1,p13,l3,151
i17,e01,c5,p05,l3,8
i06,e10,c5,p33,l3,180
i06,e11,c5,p15,l2,612
i46,e11,c1,p05,l3,689
i41,e01,c1,p21,l3,21
i38,e09,c1,p13,l2,154
i38,e04,c1,p16,l1,21
i43,e08,c1,p35,l3,69
i38,e11,c1,p02,l2,78
i06,e09,c5,p17,l2,68
i02,e09,c1,p25,l3,6
i06,e01,c5,p22,l3,79
i38,e10,c4,p02,l4,9
i05,e09,c1,p11,l3,5
i17,e09,c5,p04,l3,4
i06,e07,c5,p29,l2,1
i41,e04,c1,p21,l3,11
i06,e01,c5,p20,l3,11
i38,e10,c4,p19,l2,3
i03,e04,c5,p21,l3,5
i02,e08,c1,p31,l3,11
i23,e09,c5,p19,l3,3
i38,e08,c1,p14,l2,28
i34,e03,c5,p25,l3,14
i14,e04,c5,p21,l3,19
i38,e08,c1,p23,l2,50
i17,e08,c5,p01,l3,28
i17,e08,c5,p25,l3,4
i42,e12,c5,p10,l3,1
i05,e03,c1,p22,l3,1
i39,e01,c5,p06,l3,19
i39,e09,c5,p28,l3,5
i03,e04,c5,p29,l3,5
i22,e05,c5,p16,l3,1
i16,e01,c5,p17,l3,2
i41,e08,c1,p08,l3,4
i03,e09,c5,p15,l3,8
i23,e09,c5,p12,l3,8
i06,e09,c5,p31,l2,11
i17,e09,c5,p28,l3,4
i27,e01,c5,p21,l3,3
i59,e05,c5,p10,l3,1
i23,e01,c5,p24,l3,3
i38,e10,c7,p32,l3,2
i21,e01,c1,p10,l3,2
i02,e04,c4,p19,l3,1
i38,e10,c4,p32,l1,3
i16,e04,c5,p02,l3,2
i39,e09,c5,p06,l3,3
i21,e04,c1,p07,l3,2
i06,e04,c3,p16,l1,1
i38,e10,c1,unknown,l4,9
i06,e05,c5,p14,l1,3
i46,e11,c1,unknown,l3,3
i30,e01,c1,p16,l3,1
i01,e11,c1,p15,l3,2
i16,e01,c5,p12,l3,1
i02,e04,c1,p32,l3,1
i38,e10,c1,p14,l3,4392
i06,e10,c5,p21,l3,44581
i38,e10,c1,p02,l3,4966
i06,e08,c5,p07,l2,1715
i06,e10,c5,p29,l3,22872
i28,e08,c1,p35,l3,26938
i06,e08,c5,p13,l2,1529
i17,e08,c5,p11,l3,36
i17,e01,c5,p14,l3,22
i06,e10,c5,p28,l3,9423
i38,e10,c1,p35,l4,127
i38,e10,c1,p02,l4,631
i39,e09,c5,p03,l3,47
i38,e11,c1,p01,l2,282
i06,e04,c5,p10,l1,398
i46,e11,c1,p01,l3,781
i23,e09,c5,p01,l3,10
i06,e10,c3,p02,l4,9
i14,e08,c5,p12,l3,130
i06,e01,c5,p12,l3,56
i38,e10,c1,p05,l2,70
i17,e11,c5,p29,l3,139
i06,e09,c5,p09,l2,57
i38,e11,c4,p11,l2,3
i02,e09,c1,p24,l3,23
i06,e10,c3,p07,l3,140
i06,e04,c5,p01,l1,184
i38,e04,c1,p31,l1,5
i39,e04,c5,p17,l3,44
i38,e08,c1,p25,l2,12
i03,e04,c5,p17,l3,3
i39,e09,c5,p02,l3,21
i39,e01,c5,p01,l3,34
i01,e08,c1,p19,l3,46
i38,e10,c4,p11,l4,13
i39,e09,c5,p10,l3,24
i38,e01,c1,p15,l3,25
i06,e09,c5,p23,l2,16
i43,e01,c1,p07,l3,20
i16,e04,c5,p10,l3,29
i05,e01,c1,p17,l3,6
i38,e08,c1,p09,l2,203
i30,e09,c1,p21,l3,19
i30,e04,c1,p13,l3,42
i02,e08,c1,p18,l3,81
i16,e01,c5,p01,l3,12
i14,e01,c5,p01,l3,1
i38,e11,c4,p02,l2,2
i16,e09,c5,p16,l3,5
i18,e11,c1,p35,l3,4
i14,e01,c5,p29,l3,4
i14,e01,c5,p05,l3,5
i31,e08,c1,p35,l3,9
i38,e12,c1,p03,l3,6
i46,e08,c4,p03,l3,3
i16,e08,c5,p06,l3,4
i14,e09,c5,p21,l3,9
i14,e09,c5,p07,l3,2
i38,e10,c4,p16,l2,2
i34,e01,c5,p31,l3,1
i21,e03,c1,p21,l3,3
i12,e09,c5,p21,l3,1
i46,e04,c4,p12,l3,3
i09,e01,c5,p23,l3,1
i16,e11,c5,p01,l3,1
i42,e02,c5,p35,l3,2
i14,e04,c5,p28,l3,1
i01,e08,c1,p22,l3,1
i61,e11,c4,p35,l3,1
i06,e05,c5,p01,l1,2
i14,e01,c5,p25,l3,1
i05,e04,c1,p32,l3,1
i34,e03,c5,p30,l3,1
