i16,e08,c5,p19,l3,29
i06,e08,c5,p03,l2,2506
i06,e12,c5,p35,l3,230
i38,e10,c1,p04,l3,5256
i02,e08,c4,p15,l3,32
i02,e04,c1,p16,l3,202
i13,e08,c5,p01,l3,46
i06,e12,c5,p11,l3,376
i06,e10,c3,p05,l3,238
i38,e10,c4,p12,l4,22
i46,e09,c1,p13,l3,115
i38,e11,c1,p06,l2,62
i38,e10,c1,p25,l1,4
i38,e08,c1,p18,l2,145
i02,e09,c1,p16,l3,91
i17,e11,c5,p21,l3,39
i02,e09,c1,p13,l3,124
i34,e01,c5,p18,l3,11
i39,e09,c5,p23,l3,3
i38,e04,c4,p21,l1,24
i39,e09,c5,p35,l3,107
i38,e08,c1,p05,l2,149
i06,e01,c5,p25,l3,25
i41,e01,c1,p19,l3,10
i06,e10,c5,p24,l1,51
i14,e12,c5,p35,l3,1
i39,e01,c5,p03,l3,10
i06,e08,c5,p30,l2,151
i06,e09,c5,p26,l2,2
i07,e01,c5,p35,l3,23
i31,e12,c1,p35,l3,6
i38,e08,c4,p01,l2,9
i01,e09,c1,p32,l3,5
i34,e03,c5,p08,l3,32
i17,e01,c5,p11,l3,10
i06,e05,c5,p01,l1,3
i17,e11,c5,p29,l3,2
i13,e08,c5,p29,l3,3
i41,e01,c1,p01,l3,6
i39,e04,c5,p01,l3,30
i46,e08,c1,p09,l3,8
i14,e08,c5,p02,l3,17
i38,e06,c1,p31,l3,32
i03,e09,c5,p18,l3,1
i41,e04,c1,p03,l3,3
i06,e04,c3,p28,l1,3
i17,e04,c5,p18,l3,6
i07,e12,c5,p15,l3,2
i38,e10,c4,p24,l2,2
i16,e09,c5,p21,l3,7
i38,e10,c1,unknown,l4,1
i17,e04,c5,p22,l3,8
i14,e04,c5,p16,l3,3
i38,e11,c4,p35,l2,2
i06,e01,c3,p19,l3,1
i17,e04,c5,p31,l3,1
i13,e08,c5,p16,l3,22
i23,e03,c5,p22,l3,1
i46,e11,c4,p35,l3,3
i38,e10,c1,p33,l3,2
i14,e01,c5,p16,l3,2
i46,e08,c1,p26,l3,2
i23,e08,c5,p05,l3,2
i05,e01,c1,p13,l3,3
i38,e08,c1,unknown,l2,1
i03,e04,c5,p13,l3,1
i14,e08,c3,p18,l3,1
i41,e01,c1,p08,l3,2
i39,e09,c5,p18,l3,2
i03,e08,c5,p14,l3,1
i12,e04,c5,p16,l3,1
i67,e01,c5,p08,l3,1
i14,e05,c5,p35,l3,1
i06,e05,c5,p04,l1,1
i02,e08,c1,p10,l3,1538
i06,e11,c5,p01,l2,502
i06,e10,c5,p15,l3,61913
i06,e04,c5,p18,l1,140
i06,e08,c5,p18,l2,1276
i34,e03,c5,p10,l3,290
i06,e10,c3,p08,l3,113
i06,e10,c5,p12,l1,45
i38,e11,c1,p03,l2,281
i06,e10,c3,p10,l3,700
i06,e10,c5,p07,l2,131
i06,e09,c5,p01,l2,95
i38,e08,c1,p04,l2,53
i02,e04,c1,p15,l3,130
i38,e01,c1,p16,l3,17
i06,e11,c5,p20,l2,142
i06,e10,c3,p35,l3,39
i02,e01,c1,p14,l3,129
i06,e10,c5,p05,l1,94
i06,e10,c5,p28,l1,21
i06,e09,c5,p17,l2,64
i06,e10,c5,p35,l1,29
i23,e03,c5,p03,l3,4
i02,e04,c1,p35,l3,129
i34,e03,c5,p29,l3,44
i38,e10,c4,p03,l4,98
i38,e06,c4,p09,l3,32
i06,e01,c5,p35,l3,101
i06,e05,c5,p15,l1,4
i30,e01,c1,p07,l3,4
i38,e08,c1,p24,l2,185
i02,e04,c1,p09,l3,46
i38,e11,c4,p09,l2,4
i38,e11,c1,p20,l2,21
i38,e09,c1,p20,l2,20
i34,e08,c5,p18,l3,7
i17,e09,c5,p17,l3,9
i38,e10,c1,p01,l1,31
i38,e10,c1,p15,l1,26
i39,e04,c5,p18,l3,7
i17,e08,c5,p12,l3,45
i07,e08,c5,p10,l3,5
i17,e11,c5,p18,l3,6
i16,e08,c5,p23,l3,2
i17,e01,c5,p32,l3,10
i19,e04,c5,p10,l3,17
i02,e01,c4,p35,l3,4
i17,e04,c5,p32,l3,12
i06,e09,c3,p10,l2,2
i01,e01,c1,p07,l3,5
i38,e10,c1,p03,l1,14
i31,e07,c1,p35,l3,4
i42,e05,c5,p23,l3,1
i15,e09,c6,p35,l3,13
i06,e12,c5,p33,l3,8
i38,e01,c4,p11,l3,3
i05,e07,c1,p21,l3,2
i17,e09,c5,p05,l3,3
i43,e05,c1,p35,l3,1
i37,e08,c5,p01,l3,2
i46,e08,c1,p18,l3,1
i02,e08,c4,p35,l3,5
i14,e12,c5,p14,l3,1
i46,e01,c1,p22,l3,1
i16,e04,c5,p25,l3,2
i14,e01,c5,p35,l3,2
i39,e01,c5,p21,l3,5
i66,e01,c3,p07,l3,2
i03,e09,c5,p12,l3,1
i34,e04,c5,p07,l3,2
i46,e08,c4,p16,l3,1
i06,e02,c5,p31,l1,1
i23,e08,c5,p16,l3,1
i38,e07,c1,p07,l2,1
i75,e09,c1,p35,l3,1
i16,e04,c5,p22,l3,1
i16,e09,c5,p09,l3,1
i43,e08,c1,p19,l3,1
i06,e08,c5,p11,l2,2210
i66,e04,c3,p16,l3,4
i06,e08,c5,p17,l2,1404
i16,e08,c5,p22,l3,4
i17,e04,c5,p03,l3,69
i38,e11,c1,p04,l2,114
i17,e09,c5,p16,l3,16
i17,e08,c5,p01,l3,113
i19,e03,c5,p10,l3,21
i38,e10,c4,p01,l4,72
i06,e10,c5,p24,l2,52
i34,e08,c5,p01,l3,23
i34,e03,c5,p35,l3,110
i38,e04,c1,p06,l1,17
i38,e04,c1,p12,l1,69
i17,e04,c5,p11,l3,36
i06,e09,c5,p23,l2,38
i06,e01,c5,p23,l3,56
i02,e01,c1,p04,l3,67
i38,e10,c1,p11,l1,21
i06,e09,c5,p15,l2,126
i07,e12,c5,p35,l3,88
i06,e01,c5,p21,l3,94
i17,e04,c5,p07,l3,39
i06,e10,c5,p32,l2,22
i38,e10,c4,p14,l4,11
i38,e10,c4,p09,l3,140
i06,e10,c3,p29,l4,15
i41,e04,c1,p14,l3,3
i06,e10,c5,p14,l2,72
i32,e08,c5,p35,l3,6
i02,e01,c1,p18,l3,47
i17,e09,c5,p01,l3,39
i39,e09,c5,p08,l3,12
i39,e01,c5,p09,l3,4
i38,e09,c1,p23,l2,39
i34,e03,c5,p17,l3,39
i06,e10,c3,p24,l3,48
i17,e09,c5,p22,l3,5
i41,e11,c1,p20,l3,7
i06,e08,c3,p15,l2,7
i39,e09,c5,p16,l3,3
i43,e09,c1,p13,l3,3
i38,e05,c1,p28,l1,1
i05,e07,c1,p18,l3,4
i33,e03,c1,p01,l3,2
i17,e11,c5,p04,l3,27
i14,e08,c5,p33,l3,1
i34,e03,c5,p32,l3,26
i30,e01,c1,p02,l3,1
i06,e07,c5,p03,l2,5
i34,e08,c5,p04,l3,9
i23,e04,c5,p15,l3,3
i03,e09,c5,p05,l3,4
i23,e03,c5,p02,l3,2
i14,e01,c5,p18,l3,7
i05,e09,c7,p35,l3,2
i17,e01,c5,p05,l3,3
i06,e08,c5,p33,l2,10
i05,e06,c1,p07,l3,2
i39,e04,c5,p13,l3,8
i30,e01,c1,p05,l3,3
i12,e09,c5,p01,l3,2
i38,e09,c4,p01,l2,5
i13,e12,c5,p14,l3,2
i05,e04,c1,p20,l3,1
i38,e11,c4,p02,l2,4
i49,e06,c1,p33,l3,1
i05,e12,c1,p28,l3,1
i07,e04,c5,p24,l3,2
i14,e09,c5,p02,l3,1
i14,e12,c5,p13,l3,1
i34,e09,c5,p23,l3,1
i23,e03,c5,p25,l3,1
i03,e01,c5,p18,l3,2
i41,e01,c1,p24,l3,4
i07,e08,c5,p16,l3,2
i05,e01,c7,p35,l3,1
i41,e09,c1,p22,l3,1
i27,e04,c5,p10,l3,1
i16,e04,c5,p02,l3,3
i06,e02,c5,p09,l1,1
i14,e11,c5,p16,l3,1
i06,e02,c5,p05,l1,1
i36,e09,c5,p35,l3,2
i38,e05,c1,p19,l1,1
i06,e10,c5,p04,l3,22931
i06,e08,c5,p23,l2,906
i16,e08,c5,p07,l3,23
i06,e12,c5,p13,l3,221
i06,e10,c5,p02,l4,1576
i39,e04,c5,p16,l3,6
i06,e05,c5,p10,l1,6
i06,e10,c5,p19,l1,191
i02,e09,c1,p07,l3,70
i06,e11,c5,p08,l2,114
i03,e09,c5,p15,l3,3
i46,e01,c1,p35,l3,168
i17,e11,c5,p10,l3,262
i02,e04,c1,p21,l3,205
i13,e12,c5,p35,l3,9
i06,e12,c3,p15,l3,61
i38,e09,c1,p14,l2,39
i38,e04,c1,p03,l1,61
i02,e08,c1,p31,l3,14
i17,e09,c5,p19,l3,17
i38,e10,c4,p09,l4,39
i06,e10,c3,p07,l3,64
i38,e11,c4,p15,l2,2
i07,e04,c5,p07,l3,1
i06,e10,c5,p33,l4,35
i14,e08,c5,p24,l3,22
i13,e03,c5,p02,l3,2
i46,e09,c7,p35,l3,8
i30,e09,c1,p08,l3,7
i38,e10,c4,p13,l3,136
i06,e10,c3,p26,l3,104
i34,e08,c5,p05,l3,40
i16,e08,c5,p03,l3,6
i34,e03,c5,p21,l3,97
i34,e09,c5,p32,l3,8
i38,e12,c4,p23,l3,1
i13,e12,c5,p10,l3,7
i05,e09,c1,p02,l3,5
i05,e07,c1,p19,l3,5
i39,e09,c5,p31,l3,14
i06,e10,c5,p30,l2,8
i30,e04,c1,p35,l3,3
i13,e04,c5,p21,l3,3
i14,e08,c3,p33,l3,2
i38,e10,c4,p29,l3,36
i38,e10,c1,p16,l2,36
i05,e06,c1,p03,l3,8
i43,e04,c1,p03,l3,4
i43,e08,c1,p24,l3,22
i27,e01,c5,p01,l3,2
i34,e04,c5,p06,l3,9
i34,e08,c5,p03,l3,13
i36,e03,c5,p35,l3,2
i17,e01,c5,p07,l3,7
i05,e12,c1,p06,l3,16
i46,e01,c1,p06,l3,3
i17,e09,c5,p29,l3,9
i17,e08,c5,p31,l3,1
i38,e10,c1,p14,l1,9
i67,e01,c5,p19,l3,3
i07,e08,c5,p15,l3,2
i41,e09,c1,p08,l3,1
i65,e09,c3,p10,l3,2
i32,e04,c5,p35,l3,5
i34,e09,c5,p08,l3,2
i23,e04,c5,p21,l3,2
i30,e09,c1,p05,l3,1
i39,e09,c5,p11,l3,1
i41,e08,c1,p32,l3,1
i06,e04,c3,p19,l1,4
i12,e04,c5,p21,l3,6
i13,e11,c5,p32,l3,1
i33,e04,c1,p21,l3,3
i68,e01,c1,p35,l3,1
i21,e03,c1,p02,l3,1
i38,e08,c4,p24,l2,1
i43,e04,c1,p12,l3,1
i12,e08,c5,p21,l3,2
i06,e12,c5,p18,l3,160
i06,e10,c5,p17,l3,36367
i18,e08,c1,p35,l3,14
i43,e09,c1,p35,l3,10
i06,e04,c5,p21,l1,264
i06,e09,c5,p21,l2,107
i38,e08,c1,p07,l2,225
i12,e08,c5,p11,l3,5
i12,e04,c5,p14,l3,7
i38,e06,c1,p10,l3,5948
i06,e10,c5,p25,l2,35
i38,e11,c1,p15,l2,205
i38,e10,c1,unknown,l3,8
i06,e11,c5,p13,l2,291
i38,e10,c4,p21,l3,278
i02,e04,c1,p03,l3,423
i06,e10,c5,p28,l2,41
i06,e11,c5,p22,l2,153
i38,e01,c1,p04,l3,41
i06,e10,c5,p30,l4,138
i38,e04,c1,p32,l1,46
i34,e03,c5,p07,l3,54
i38,e10,c1,p04,l2,26
i46,e01,c1,p09,l3,16
i42,e05,c5,p35,l3,2
i49,e10,c1,p01,l3,68
i17,e01,c5,p03,l3,18
i17,e04,c5,p14,l3,47
i06,e10,c3,p03,l4,16
i19,e03,c5,p12,l3,3
i23,e03,c5,p07,l3,7
i16,e09,c5,p10,l3,8
i39,e01,c5,p31,l3,10
i30,e04,c1,p29,l3,9
i17,e04,c5,p28,l3,4
i38,e05,c1,p17,l1,2
i17,e11,c5,p28,l3,8
i30,e01,c1,p09,l3,2
i16,e04,c5,p16,l3,5
i14,e11,c5,p21,l3,4
i23,e09,c5,p35,l3,2
i05,e06,c1,p22,l3,3
i61,e09,c1,p35,l3,1
i05,e01,c1,p01,l3,9
i12,e01,c5,p06,l3,1
i06,e07,c5,p07,l2,2
i09,e04,c5,p19,l3,3
i23,e03,c5,p35,l3,7
i16,e11,c5,p10,l3,1
i38,e10,c4,p02,l2,7
i43,e03,c1,p35,l3,1
i17,e04,c3,p19,l3,2
i43,e09,c1,p11,l3,1
i14,e08,c3,p21,l3,2
i30,e09,c1,p29,l3,3
i03,e09,c5,p16,l3,2
i46,e06,c1,p23,l3,1
i09,e09,c5,p05,l3,2
i46,e04,c4,p19,l3,1
i38,e10,c1,p29,l3,5400
i38,e10,c1,p22,l3,2896
i12,e08,c5,p12,l3,10
i38,e10,c1,p09,l3,2852
i17,e08,c5,p10,l3,166
i38,e10,c1,p16,l4,1452
i06,e10,c5,p28,l3,9371
i38,e10,c4,p02,l3,320
i38,e06,c1,p21,l3,902
i38,e11,c1,p25,l2,38
i38,e08,c1,p14,l2,80
i38,e06,c1,p05,l3,472
i06,e10,c3,p23,l3,138
i06,e10,c3,p18,l3,65
i06,e09,c5,p03,l2,107
i38,e08,c1,p17,l2,224
i38,e09,c1,p05,l2,39
i06,e10,c3,p01,l3,140
i14,e09,c5,p03,l3,6
i06,e09,c5,p06,l2,61
i23,e04,c5,p10,l3,39
i34,e09,c5,p10,l3,45
i38,e08,c1,p13,l2,206
i39,e09,c5,p19,l3,11
i34,e03,c5,p05,l3,83
i38,e09,c1,p03,l2,61
i06,e09,c5,p24,l2,120
i02,e08,c1,p09,l3,55
i38,e09,c1,p01,l2,111
i02,e01,c1,p07,l3,63
i33,e03,c1,p21,l3,1
i46,e11,c1,p12,l3,81
i31,e11,c1,p35,l3,182
i38,e06,c4,p02,l3,32
i38,e01,c1,p07,l3,35
i16,e08,c5,p11,l3,46
i38,e04,c1,p11,l1,16
i46,e09,c1,p19,l3,11
i38,e10,c4,p19,l2,2
i38,e09,c1,p24,l2,27
i02,e01,c1,p09,l3,76
i02,e08,c1,p24,l3,76
i14,e08,c5,p32,l3,5
i13,e08,c5,p28,l3,6
i06,e07,c5,p05,l2,4
i17,e08,c5,p02,l3,23
i06,e10,c3,p24,l2,6
i01,e08,c1,p14,l3,7
i02,e11,c1,p17,l3,2
i34,e04,c5,p04,l3,10
i06,e05,c5,p33,l1,1
i16,e04,c5,p24,l3,18
i12,e04,c5,p01,l3,8
i13,e11,c5,p19,l3,7
i12,e01,c5,p19,l3,12
i14,e08,c5,p23,l3,18
i46,e08,c1,p02,l3,11
i38,e10,c1,p31,l2,4
i05,e06,c1,p02,l3,2
i38,e10,c4,p29,l4,9
i38,e11,c4,p13,l2,1
i27,e09,c5,p19,l3,1
i39,e01,c5,p22,l3,5
i05,e12,c1,p05,l3,2
i33,e01,c1,p21,l3,1
i13,e08,c5,p12,l3,2
i16,e08,c5,p04,l3,5
i67,e04,c5,p14,l3,7
i34,e03,c5,p31,l3,9
i34,e05,c5,p05,l3,1
i38,e08,c4,p13,l2,5
i16,e01,c5,p07,l3,7
i06,e04,c3,p35,l1,2
i07,e08,c5,p07,l3,1
i16,e09,c5,p30,l3,2
i07,e12,c5,p12,l3,4
i03,e09,c5,p21,l3,2
i02,e04,c1,p26,l3,3
i34,e09,c5,p18,l3,3
i17,e01,c5,p25,l3,2
i46,e08,c1,p25,l3,1
i17,e05,c5,p35,l3,3
i38,e05,c1,p15,l1,1
i38,e01,c1,p31,l3,2
i16,e04,c5,p15,l3,10
i42,e02,c5,p06,l3,1
i41,e04,c1,p25,l3,3
i06,e10,c3,p05,l1,1
i05,e06,c1,p08,l3,2
i05,e06,c1,p05,l3,1
i14,e09,c5,p06,l3,1
i48,e11,c1,p13,l3,2
i34,e08,c5,p13,l3,16
i38,e10,c1,p12,l3,12143
i06,e04,c5,p03,l1,146
i06,e10,c5,p29,l4,2081
i06,e08,c5,p07,l2,1125
i38,e10,c1,p25,l4,458
i38,e10,c1,p03,l4,3139
i19,e08,c5,p35,l3,8
i06,e09,c5,p12,l2,57
i38,e08,c1,p25,l2,31
i38,e10,c4,p24,l3,46
i17,e11,c5,p35,l3,24
i02,e01,c1,p35,l3,98
i38,e04,c1,p18,l1,19
i38,e10,c1,p18,l1,9
i38,e10,c4,p21,l4,112
i38,e10,c1,unknown,l3,2
i31,e09,c1,p35,l3,4
i02,e09,c1,p08,l3,21
i02,e08,c1,p35,l3,283
i38,e09,c1,p06,l2,18
i41,e04,c1,p01,l3,11
i02,e01,c1,p02,l3,45
i06,e01,c5,p11,l3,100
i17,e09,c5,p04,l3,7
i16,e01,c5,p21,l3,9
i43,e09,c1,p03,l3,12
i38,e04,c1,p14,l1,21
i05,e01,c1,p07,l3,3
i38,e04,c1,p25,l1,15
i14,e01,c5,p08,l3,2
i38,e08,c1,p32,l2,22
i38,e09,c1,p08,l2,7
i34,e09,c5,p19,l3,42
i05,e12,c1,p29,l3,7
i43,e04,c1,p35,l3,11
i34,e01,c5,p07,l3,4
i12,e01,c5,p17,l3,4
i06,e09,c5,p11,l2,49
i16,e08,c5,p08,l3,28
i38,e04,c1,p07,l1,33
i34,e03,c5,p23,l3,19
i38,e10,c1,p30,l2,4
i34,e04,c5,p14,l3,23
i14,e11,c5,p19,l3,4
i43,e01,c1,p09,l3,3
i05,e12,c1,p16,l3,3
i17,e08,c5,p18,l3,8
i23,e08,c5,p04,l3,18
i54,e09,c1,p35,l3,1
i38,e12,c1,p09,l3,3
i01,e04,c1,p19,l3,2
i38,e04,c1,p35,l1,3
i06,e02,c5,p19,l1,2
i42,e05,c5,p06,l3,1
i39,e09,c5,p22,l3,3
i23,e04,c5,p09,l3,4
i16,e04,c5,p19,l3,16
i39,e01,c5,p32,l3,1
i05,e03,c1,p01,l3,1
i39,e09,c5,p14,l3,1
i05,e01,c1,p03,l3,4
i34,e04,c5,p09,l3,5
i38,e12,c1,p12,l3,2
i30,e09,c1,p10,l3,7
i30,e04,c1,p14,l3,4
i21,e04,c1,p24,l3,2
i38,e07,c1,p05,l2,1
i14,e09,c5,p24,l3,2
i41,e01,c1,p13,l3,5
i22,e02,c5,p02,l3,1
i13,e08,c5,p14,l3,3
i43,e09,c1,p02,l3,1
i27,e01,c3,p08,l3,1
i43,e01,c1,p11,l3,1
i33,e08,c1,p18,l3,1
i23,e04,c5,p32,l3,2
i42,e05,c3,p35,l3,2
i38,e12,c1,p28,l3,1
i46,e01,c1,p29,l3,1
i41,e01,c1,p28,l3,1
i06,e10,c5,p07,l3,31238
i06,e09,c5,p18,l2,52
i06,e08,c5,p04,l2,1324
i06,e04,c5,p10,l1,623
i38,e10,c1,p07,l3,9633
i06,e12,c5,p22,l3,173
i06,e10,c5,p10,l4,11179
i06,e10,c5,p31,l4,438
i06,e10,c5,p23,l1,39
i38,e09,c1,p13,l2,85
i38,e06,c4,p07,l3,14
i38,e10,c1,p10,l1,130
i38,e10,c4,p21,l2,5
i02,e04,c1,p24,l3,47
i07,e08,c5,p35,l3,99
i34,e01,c5,p04,l3,8
i41,e09,c1,p24,l3,5
i05,e01,c1,p22,l3,5
i14,e08,c5,p15,l3,62
i14,e12,c5,p07,l3,8
i41,e08,c1,p16,l3,15
i46,e08,c1,p10,l3,7
i17,e01,c5,p04,l3,8
i17,e01,c5,p06,l3,4
i39,e09,c5,p15,l3,4
i06,e10,c3,p08,l4,7
i38,e04,c1,p09,l1,12
i39,e04,c5,p05,l3,27
i05,e01,c1,p17,l3,4
i38,e01,c1,p05,l3,25
i17,e11,c5,p16,l3,29
i06,e09,c3,p16,l2,3
i06,e08,c3,p28,l2,2
i17,e04,c5,p24,l3,9
i19,e08,c5,p10,l3,15
i12,e12,c5,p10,l3,1
i16,e09,c5,p01,l3,8
i39,e04,c5,p26,l3,2
i16,e09,c5,p18,l3,6
i34,e01,c5,p14,l3,5
i61,e08,c1,p35,l3,4
i05,e12,c1,p22,l3,3
i14,e01,c5,p24,l3,3
i23,e03,c5,p16,l3,2
i06,e05,c5,p14,l1,4
i14,e12,c5,p24,l3,2
i34,e09,c5,p24,l3,8
i23,e04,c5,p01,l3,10
i34,e09,c5,p05,l3,1
i05,e03,c1,p04,l3,2
i13,e08,c5,p04,l3,1
i46,e05,c1,p35,l3,3
i05,e03,c1,p18,l3,1
i06,e07,c5,p13,l2,1
i09,e09,c5,p21,l3,1
i41,e01,c1,p12,l3,1
i38,e10,c1,p25,l2,1
i27,e09,c5,p07,l3,1
i46,e01,c1,p25,l3,1
i06,e07,c5,p01,l2,1
i39,e01,c5,p14,l3,1
i01,e01,c1,p18,l3,1
i06,e12,c5,p01,l3,311
i38,e08,c1,p19,l2,725
i06,e08,c5,p21,l2,2368
i39,e01,c5,p13,l3,9
i47,e01,c1,p35,l3,279
i12,e04,c5,p19,l3,24
i38,e09,c1,p22,l2,43
i06,e01,c5,p14,l3,45
i38,e11,c1,p23,l2,46
i06,e10,c5,p32,l4,951
i06,e10,c5,p03,l4,3804
i38,e06,c1,p02,l3,377
i06,e10,c5,p01,l1,73
i06,e11,c5,p28,l2,142
i34,e03,c5,p15,l3,70
i38,e10,c1,p24,l2,21
i37,e10,c5,p01,l3,8
i07,e12,c5,p10,l3,9
i02,e04,c1,p07,l3,98
i38,e01,c1,p32,l3,20
i39,e09,c5,p05,l3,3
i38,e04,c4,p28,l1,16
i05,e09,c1,p35,l3,38
i06,e10,c3,p24,l4,8
i06,e10,c3,p32,l3,34
i34,e04,c5,p28,l3,20
i39,e04,c5,p31,l3,29
i12,e08,c5,p19,l3,38
i46,e08,c1,p17,l3,14
i41,e09,c1,p01,l3,16
i46,e01,c7,p35,l3,5
i02,e01,c4,p15,l3,5
i34,e08,c5,p08,l3,5
i30,e09,c1,p04,l3,4
i02,e09,c1,p25,l3,9
i06,e10,c3,p16,l4,13
i17,e01,c5,p16,l3,12
i17,e08,c5,p06,l3,10
i43,e04,c1,p04,l3,1
i14,e04,c5,p28,l3,3
i41,e11,c1,p01,l3,2
i34,e04,c5,p01,l3,6
i23,e09,c5,p07,l3,4
i30,e04,c1,p21,l3,12
i12,e09,c5,p21,l3,3
i23,e04,c5,p35,l3,6
i06,e01,c3,p28,l3,2
i17,e01,c5,p14,l3,5
i23,e08,c5,p11,l3,1
i39,e04,c5,p32,l3,12
i38,e11,c4,p04,l2,3
i34,e09,c5,p29,l3,1
i07,e08,c5,p29,l3,2
i05,e08,c1,p19,l3,5
i23,e01,c5,p13,l3,2
i38,e06,c7,p13,l3,5
i12,e04,c5,p18,l3,1
i06,e09,c5,p33,l2,4
i14,e04,c5,p24,l3,10
i41,e07,c1,p18,l3,1
i49,e03,c1,p33,l3,1
i66,e09,c3,p01,l3,1
i46,e04,c1,p31,l3,1
i21,e12,c1,p23,l3,1
i01,e01,c1,p06,l3,1
i05,e03,c1,p23,l3,2
i03,e09,c5,p22,l3,1
i38,e12,c1,p05,l3,1
i01,e01,c1,p03,l3,1
i06,e12,c5,p23,l3,107
i02,e09,c1,p19,l3,727
i38,e08,c1,p08,l2,95
i06,e08,c5,p14,l2,816
i39,e04,c5,p35,l3,262
i06,e10,c5,p19,l4,10197
i06,e11,c5,p32,l2,93
i38,e01,c1,p01,l3,145
i38,e08,c1,p02,l2,128
i38,e10,c1,p33,l3,10
i38,e10,c4,p11,l3,254
i38,e10,c1,p18,l2,23
i38,e11,c1,p14,l2,83
i19,e11,c3,p10,l3,22
i38,e09,c1,p16,l2,26
i06,e11,c5,p07,l2,417
i02,e08,c1,p14,l3,267
i38,e10,c1,p22,l2,9
i34,e08,c5,p11,l3,5
i06,e10,c5,p15,l1,116
i06,e10,c5,p22,l2,34
i38,e11,c1,p28,l2,34
i06,e04,c5,p13,l1,153
i06,e04,c5,p29,l1,400
i38,e06,c1,p28,l3,142
i38,e08,c1,p03,l2,201
i34,e08,c5,p10,l3,153
i38,e12,c1,p23,l3,2
i43,e09,c1,p28,l3,6
i38,e10,c1,p26,l3,128
i05,e08,c1,p18,l3,12
i06,e11,c5,p30,l2,20
i38,e10,c1,p16,l1,17
i21,e01,c1,p03,l3,1
i39,e09,c5,p10,l3,16
i39,e09,c5,p28,l3,3
i38,e10,c1,p29,l2,28
i05,e04,c1,p19,l3,13
i22,e05,c5,p03,l3,1
i13,e08,c5,p24,l3,3
i06,e12,c5,p09,l3,56
i17,e11,c5,p09,l3,7
i16,e01,c5,p01,l3,11
i05,e01,c1,p11,l3,1
i38,e10,c1,unknown,l4,9
i06,e05,c5,p03,l1,1
i17,e11,c5,p22,l3,15
i34,e08,c5,p30,l3,9
i16,e04,c5,p20,l3,4
i34,e08,c5,p22,l3,8
i17,e08,c5,p33,l3,1
i33,e10,c1,p10,l3,1
i06,e10,c3,p04,l4,4
i46,e09,c4,p13,l3,4
i06,e10,c3,p33,l4,4
i14,e04,c5,p07,l3,1
i06,e01,c5,p30,l3,4
i13,e12,c5,p24,l3,1
i23,e01,c5,p35,l3,4
i16,e09,c5,p22,l3,1
i23,e10,c5,p35,l3,4
i17,e08,c5,p24,l3,8
i41,e04,c1,p09,l3,1
i34,e04,c5,p31,l3,2
i06,e10,c3,p17,l3,14
i14,e04,c5,p06,l3,8
i38,e12,c4,p02,l3,1
i05,e01,c1,p31,l3,1
i34,e01,c5,p15,l3,2
i46,e01,c1,p23,l3,1
i46,e05,c1,p23,l3,1
i13,e08,c5,p06,l3,2
i46,e04,c4,p04,l3,2
i06,e02,c5,p11,l1,1
i46,e01,c1,p11,l3,1
i42,e02,c5,p15,l3,1
i13,e12,c5,p11,l3,1
i23,e11,c5,p01,l3,1
i13,e11,c5,p29,l3,2
i06,e08,c5,p24,l2,1837
i02,e04,c1,p10,l3,595
i38,e08,c1,p35,l2,94
i38,e12,c1,p10,l3,110
i06,e12,c5,p05,l3,262
i06,e11,c5,p18,l2,300
i06,e04,c5,p24,l1,325
i02,e04,c1,p11,l3,427
i38,e10,c4,p07,l3,165
i30,e01,c1,p19,l3,37
i06,e10,c3,p15,l3,175
i06,e01,c5,p01,l3,139
i02,e01,c1,p11,l3,248
i46,e08,c1,p13,l3,61
i46,e08,c1,p15,l3,36
i38,e10,c4,p28,l4,32
i06,e10,c5,p31,l2,6
i42,e05,c3,p07,l3,7
i38,e09,c1,p28,l2,10
i14,e08,c5,p35,l3,18
i17,e08,c5,p17,l3,20
i39,e01,c5,p15,l3,10
i41,e04,c1,p35,l3,18
i41,e08,c1,p13,l3,9
i41,e04,c1,p15,l3,1
i30,e09,c1,p24,l3,5
i09,e04,c5,p10,l3,1
i34,e08,c5,p12,l3,30
i30,e04,c1,p24,l3,8
i46,e08,c1,p03,l3,7
i06,e08,c3,p18,l2,5
i06,e05,c5,p35,l1,4
i13,e04,c5,p35,l3,2
i06,e10,c5,p26,l2,2
i34,e04,c5,p08,l3,4
i44,e04,c3,p35,l3,5
i16,e09,c5,p20,l3,5
i41,e01,c1,p15,l3,4
i30,e09,c1,p03,l3,1
i14,e09,c5,p07,l3,1
i14,e11,c5,p06,l3,2
i16,e01,c5,p15,l3,2
i67,e10,c5,p16,l3,2
i14,e12,c5,p11,l3,1
i42,e02,c5,p11,l3,1
i65,e04,c3,p10,l3,1
i42,e02,c5,p17,l3,1
i19,e11,c5,p10,l3,1
i38,e10,c1,p05,l3,10842
i06,e10,c5,p03,l3,34450
i38,e10,c1,p21,l3,12653
i06,e10,c5,p08,l3,10778
i06,e11,c5,p09,l2,166
i06,e04,c5,p01,l1,270
i34,e03,c5,p01,l3,90
i02,e04,c1,p18,l3,115
i38,e10,c1,p02,l4,1020
i38,e06,c1,p20,l3,128
i38,e10,c1,p02,l3,4623
i02,e04,c1,p13,l3,175
i02,e01,c1,p12,l3,144
i14,e12,c5,p29,l3,66
i30,e01,c1,p21,l3,8
i39,e01,c5,p01,l3,27
i01,e08,c1,p12,l3,10
i12,e01,c5,p01,l3,8
i12,e08,c5,p03,l3,10
i30,e04,c1,p10,l3,17
i39,e09,c5,p09,l3,12
i16,e09,c5,p07,l3,5
i39,e04,c5,p11,l3,6
i38,e01,c4,p21,l3,10
i38,e11,c1,p08,l2,50
i23,e09,c5,p10,l3,22
i34,e03,c5,p22,l3,20
i12,e08,c5,p28,l3,6
i38,e10,c1,unknown,l3,4
i17,e01,c5,p08,l3,1
i06,e10,c3,p21,l4,24
i38,e10,c4,p06,l4,12
i38,e01,c1,p20,l3,8
i22,e05,c5,p06,l3,1
i17,e01,c5,p02,l3,7
i30,e04,c1,p06,l3,2
i05,e09,c1,p21,l3,4
i16,e09,c5,p15,l3,1
i16,e09,c5,p06,l3,1
i16,e09,c5,p04,l3,4
i47,e04,c4,p35,l3,2
i11,e04,c4,p35,l3,1
i06,e08,c3,p11,l2,1
i06,e05,c5,p23,l1,1
i38,e10,c1,unknown,l3,2
i19,e11,c5,p12,l3,4
i05,e09,c1,p01,l3,1
i05,e06,c1,p14,l3,1
i27,e09,c5,p10,l3,1
i38,e05,c1,p01,l1,1
i02,e09,c4,p35,l3,1
i13,e03,c5,p12,l3,1
i05,e03,c1,p12,l3,2
i12,e09,c5,p17,l3,1
i13,e10,c5,p10,l3,1
i38,e08,c1,p10,l2,3587
i46,e11,c1,p35,l3,6887
i02,e01,c1,p19,l3,784
i06,e12,c5,p28,l3,27
i06,e09,c5,p13,l2,100
i02,e08,c1,p15,l3,426
i06,e01,c5,p24,l3,92
i39,e04,c5,p10,l3,27
i17,e11,c5,p11,l3,22
i05,e06,c1,p21,l3,8
i16,e11,c5,p06,l3,1
i05,e08,c1,p01,l3,5
i14,e08,c5,p06,l3,9
i17,e09,c5,p35,l3,4
i36,e08,c5,p35,l3,45
i01,e08,c1,p10,l3,43
i38,e10,c1,p32,l1,10
i02,e01,c1,p20,l3,8
i34,e08,c5,p19,l3,85
i41,e08,c1,p01,l3,47
i12,e08,c5,p07,l3,3
i41,e04,c1,p04,l3,10
i38,e04,c4,p07,l1,1
i21,e01,c1,p10,l3,4
i06,e08,c3,p10,l2,9
i38,e09,c1,p31,l2,1
i09,e09,c5,p10,l3,2
i06,e10,c5,p02,l2,12
i17,e11,c5,p24,l3,45
i13,e11,c5,p05,l3,9
i38,e06,c7,p10,l3,29
i38,e10,c4,p11,l1,1
i05,e01,c1,p14,l3,2
i05,e03,c1,p09,l3,1
i17,e04,c5,p04,l3,11
i14,e01,c5,p10,l3,1
i39,e01,c5,p23,l3,3
i38,e04,c4,p06,l1,3
i14,e09,c5,p11,l3,5
i34,e09,c5,p03,l3,5
i41,e09,c1,p13,l3,2
i05,e01,c1,p18,l3,5
i12,e04,c5,p12,l3,2
i05,e06,c1,p18,l3,3
i05,e06,c1,p24,l3,2
i14,e08,c5,p16,l3,2
i27,e10,c5,p05,l3,2
i23,e03,c5,p28,l3,5
i38,e10,c4,p22,l1,1
i30,e09,c1,p11,l3,3
i58,e08,c5,p35,l3,4
i38,e01,c1,unknown,l3,1
i30,e01,c1,p35,l3,2
i66,e04,c3,p11,l3,1
i03,e10,c5,p15,l3,1
i06,e11,c5,p23,l2,215
i06,e10,c5,p21,l4,5023
i67,e08,c5,p14,l3,18
i02,e01,c1,p22,l3,40
i06,e08,c5,p05,l2,2574
i38,e11,c1,p07,l2,177
i38,e06,c1,p11,l3,1112
i13,e08,c5,p10,l3,75
i02,e08,c1,p05,l3,564
i46,e04,c1,p35,l3,147
i06,e11,c5,p14,l2,168
i02,e04,c1,p12,l3,174
i34,e04,c5,p10,l3,121
i02,e01,c1,p21,l3,175
i02,e09,c1,p22,l3,21
i38,e08,c1,p28,l2,30
i38,e11,c1,p02,l2,99
i16,e04,c5,p04,l3,12
i66,e09,c3,p10,l3,3
i06,e09,c5,p08,l2,26
i14,e08,c5,p18,l3,16
i30,e09,c1,p15,l3,5
i13,e04,c5,p13,l3,2
i38,e10,c1,p31,l4,29
i43,e04,c1,p10,l3,34
i34,e03,c5,p24,l3,26
i38,e10,c1,p15,l2,69
i34,e08,c5,p16,l3,8
i30,e01,c1,p10,l3,12
i06,e08,c3,p13,l2,3
i38,e10,c1,p05,l1,25
i16,e09,c5,p16,l3,3
i30,e01,c1,p17,l3,2
i34,e04,c5,p12,l3,14
i30,e04,c1,p08,l3,1
i46,e01,c1,p13,l3,81
i38,e10,c1,p06,l1,13
i34,e01,c5,p19,l3,41
i34,e01,c5,p28,l3,1
i38,e08,c4,p28,l2,38
i38,e09,c1,p18,l2,25
i59,e12,c5,p21,l3,9
i46,e08,c1,p06,l3,5
i14,e11,c5,p07,l3,3
i14,e08,c3,p03,l3,2
i13,e09,c5,p35,l3,1
i38,e11,c4,p07,l2,2
i43,e01,c1,p28,l3,6
i05,e06,c1,p28,l3,1
i14,e11,c5,p02,l3,2
i41,e07,c1,p01,l3,2
i16,e04,c5,p13,l3,4
i14,e09,c5,p18,l3,3
i17,e04,c5,p20,l3,4
i06,e05,c5,p31,l1,1
i05,e09,c1,p18,l3,1
i38,e10,c4,p10,l1,1
i14,e01,c5,p28,l3,1
i27,e09,c5,p24,l3,1
i42,e05,c5,p21,l3,1
i25,e03,c5,p12,l3,1
i38,e10,c1,unknown,l4,2
i23,e03,c5,p06,l3,1
i17,e09,c5,p24,l3,3
i22,e05,c5,p13,l3,1
i01,e08,c1,p15,l3,2
i22,e02,c5,p21,l3,1
i41,e08,c1,p29,l3,1
i06,e10,c5,p25,l3,10928
i38,e10,c1,p35,l4,419
i06,e10,c5,p01,l3,48173
i38,e06,c1,p13,l3,1067
i06,e01,c5,p19,l3,352
i06,e10,c5,p23,l4,1511
i38,e04,c1,p23,l1,37
i38,e01,c1,p29,l3,55
i06,e10,c5,p08,l4,1186
i38,e10,c1,p28,l4,353
i38,e10,c1,p35,l2,688
i38,e08,c1,p23,l2,15
i23,e04,c5,p07,l3,21
i01,e04,c1,p35,l3,27
i46,e11,c4,p11,l3,31
i14,e08,c5,p29,l3,49
i09,e01,c5,p35,l3,5
i02,e08,c1,p08,l3,92
i06,e09,c5,p02,l2,15
i06,e12,c5,p17,l3,175
i23,e08,c5,p10,l3,11
i23,e03,c5,p01,l3,6
i29,e01,c5,p35,l3,5
i38,e06,c1,p35,l3,152
i14,e08,c5,p14,l3,9
i02,e04,c1,p04,l3,85
i06,e09,c5,p09,l2,39
i66,e04,c3,p22,l3,1
i01,e04,c1,p10,l3,9
i46,e11,c4,p19,l3,10
i34,e08,c5,p21,l3,11
i16,e01,c5,p09,l3,5
i38,e06,c4,p01,l3,26
i38,e10,c7,p13,l4,8
i23,e11,c5,p10,l3,24
i38,e10,c4,p20,l3,55
i17,e09,c5,p14,l3,6
i02,e08,c1,p32,l3,46
i29,e04,c5,p35,l3,2
i34,e08,c5,p15,l3,7
i21,e04,c1,p19,l3,3
i38,e10,c7,p10,l2,13
i39,e04,c5,p29,l3,5
i38,e10,c4,p23,l3,26
i38,e10,c1,p29,l1,7
i38,e04,c4,p03,l1,2
i17,e09,c5,p07,l3,5
i13,e11,c5,p17,l3,1
i06,e10,c5,p26,l1,1
i30,e01,c1,p14,l3,1
i38,e09,c4,p28,l2,4
i10,e05,c3,p35,l3,1
i43,e08,c1,p03,l3,1
i03,e09,c5,p24,l3,1
i01,e09,c1,p13,l3,1
i46,e08,c1,p32,l3,3
i46,e11,c1,p32,l3,7
i39,e01,c5,p02,l3,1
i05,e09,c1,p07,l3,2
i27,e04,c3,p08,l3,1
i12,e09,c5,p11,l3,1
i03,e04,c5,p28,l3,1
i30,e01,c1,p13,l3,1
i03,e01,c5,p05,l3,2
i03,e04,c5,p29,l3,1
i38,e09,c1,unknown,l2,1
i22,e05,c5,p12,l3,1
i38,e10,c4,p25,l3,47
i06,e10,c5,p26,l3,1727
i38,e10,c1,p06,l3,3215
i06,e10,c5,p17,l4,3186
i38,e10,c4,p19,l3,713
i06,e04,c5,p05,l1,216
i06,e10,c5,p23,l2,40
i38,e08,c1,p06,l2,42
i06,e11,c5,p17,l2,366
i38,e10,c1,p35,l3,889
i16,e04,c5,p32,l3,6
i30,e01,c1,p12,l3,25
i16,e08,c5,p06,l3,5
i38,e01,c1,p10,l3,355
i38,e08,c1,p22,l2,34
i48,e11,c1,p01,l3,4
i34,e04,c5,p35,l3,58
i22,e05,c5,p29,l3,4
i38,e08,c1,p31,l2,5
i46,e08,c4,p11,l3,161
i02,e08,c1,p23,l3,498
i66,e04,c3,p07,l3,19
i01,e01,c1,p35,l3,28
i02,e09,c1,p02,l3,28
i38,e04,c1,p28,l1,5
i17,e08,c5,p22,l3,3
i23,e01,c5,p19,l3,9
i17,e11,c5,p01,l3,60
i46,e11,c1,p21,l3,10
i16,e01,c5,p19,l3,15
i38,e01,c1,p22,l3,30
i06,e10,c3,p11,l3,17
i06,e08,c3,p04,l2,12
i14,e12,c5,p15,l3,19
i38,e10,c1,p06,l2,29
i17,e09,c5,p21,l3,20
i01,e08,c1,p29,l3,21
i17,e11,c5,p12,l3,39
i12,e01,c5,p09,l3,1
i38,e09,c1,p12,l2,21
i23,e03,c5,p23,l3,3
i38,e10,c4,p20,l4,24
i38,e10,c1,p08,l2,19
i17,e11,c5,p03,l3,18
i06,e11,c3,p15,l2,14
i05,e12,c1,p08,l3,6
i19,e11,c5,p35,l3,16
i28,e04,c1,p35,l3,19
i34,e04,c5,p05,l3,6
i38,e07,c1,p28,l2,2
i13,e08,c5,p32,l3,2
i22,e02,c5,p15,l3,1
i12,e08,c5,p17,l3,6
i67,e10,c5,p14,l3,3
i66,e01,c3,p10,l3,1
i43,e11,c1,p07,l3,2
i38,e11,c1,p30,l2,4
i13,e11,c5,p24,l3,2
i46,e08,c1,p23,l3,1
i17,e11,c5,p31,l3,2
i05,e09,c1,p15,l3,1
i01,e04,c1,p21,l3,1
i21,e12,c1,p21,l3,1
i48,e11,c4,p05,l3,1
i05,e05,c1,p10,l3,1
i02,e09,c4,p15,l3,1
i03,e08,c5,p24,l3,1
i30,e09,c1,p02,l3,1
i27,e09,c5,p16,l3,1
i43,e09,c1,p19,l3,1
i06,e12,c5,p10,l3,618
i06,e10,c5,p21,l3,51423
i05,e03,c1,p10,l3,12
i06,e10,c5,p22,l3,15847
i38,e10,c1,p17,l4,2185
i14,e08,c5,p26,l3,21
i38,e10,c1,p24,l3,6288
i06,e10,c5,p33,l3,159
i38,e06,c1,p14,l3,455
i02,e09,c1,p17,l3,135
i16,e08,c5,p05,l3,47
i05,e06,c1,p35,l3,29
i06,e10,c5,p13,l1,70
i38,e06,c1,p17,l3,686
i38,e10,c1,p13,l1,25
i02,e09,c1,p24,l3,36
i34,e03,c5,p03,l3,92
i38,e08,c1,p21,l2,1937
i02,e08,c1,p16,l3,673
i38,e06,c4,p24,l3,63
i30,e09,c1,p12,l3,23
i38,e06,c4,p10,l3,95
i39,e04,c5,p12,l3,31
i16,e08,c5,p01,l3,10
i17,e08,c5,p11,l3,55
i15,e04,c6,p35,l3,42
i15,e01,c6,p35,l3,8
i38,e10,c1,p26,l4,35
i06,e04,c5,p31,l1,24
i34,e03,c5,p04,l3,68
i06,e10,c5,p29,l1,41
i12,e08,c5,p14,l3,8
i01,e04,c1,p17,l3,1
i16,e04,c5,p05,l3,18
i16,e01,c5,p29,l3,2
i16,e01,c5,p03,l3,13
i132,e01,c1,p35,l3,3
i01,e08,c1,p01,l3,23
i30,e01,c1,p29,l3,9
i17,e01,c5,p01,l3,16
i37,e10,c5,p33,l3,55
i16,e11,c5,p02,l3,2
i06,e10,c5,p04,l1,41
i38,e10,c1,unknown,l3,204
i38,e07,c1,p10,l2,8
i38,e09,c1,p32,l2,25
i38,e10,c1,p12,l2,31
i02,e01,c4,p25,l3,1
i42,e05,c3,p28,l3,2
i05,e08,c1,p03,l3,14
i05,e01,c1,p19,l3,12
i14,e04,c5,p15,l3,30
i46,e11,c1,p03,l3,14
i06,e10,c3,p17,l4,4
i38,e01,c1,p06,l3,28
i06,e10,c3,p35,l4,13
i42,e05,c5,p13,l3,4
i38,e10,c1,p33,l2,1
i06,e05,c5,p21,l1,2
i17,e11,c5,p05,l3,13
i14,e01,c5,p19,l3,13
i05,e12,c1,p02,l3,7
i17,e09,c5,p23,l3,8
i34,e01,c5,p08,l3,6
i42,e05,c5,p29,l3,7
i46,e11,c1,p11,l3,3
i07,e12,c5,p19,l3,5
i43,e04,c1,p13,l3,1
i38,e11,c4,p18,l2,2
i38,e10,c4,p19,l1,2
i43,e09,c1,p08,l3,1
i39,e01,c5,p24,l3,6
i38,e12,c1,p04,l3,1
i46,e09,c1,p06,l3,2
i03,e09,c5,p19,l3,1
i27,e04,c5,p19,l3,1
i43,e01,c1,p07,l3,2
i13,e01,c5,p35,l3,2
i34,e08,c5,p02,l3,3
i13,e03,c5,p16,l3,1
i22,e02,c5,p35,l3,1
i05,e03,c1,p11,l3,2
i48,e11,c1,p10,l3,3
i38,e07,c1,p11,l2,1
i14,e04,c5,p35,l3,2
i21,e04,c1,p11,l3,2
i23,e01,c5,p29,l3,2
i03,e04,c5,p10,l3,1
i09,e09,c5,p35,l3,1
i06,e10,c5,p22,l4,1556
i38,e10,c1,p20,l3,1596
i38,e10,c1,p20,l4,278
i06,e10,c5,p01,l4,5063
i38,e10,c1,p29,l4,1040
i06,e10,c3,p29,l3,11
i38,e11,c1,p05,l2,186
i46,e08,c1,p19,l3,538
i06,e04,c5,p09,l1,88
i33,e03,c1,p18,l3,2
i38,e10,c1,p30,l4,22
i06,e09,c5,p19,l2,319
i38,e10,c4,p25,l1,2
i06,e12,c5,p06,l3,198
i06,e12,c5,p24,l3,224
i38,e11,c1,p18,l2,101
i38,e10,c4,p08,l4,20
i38,e01,c1,p03,l3,56
i06,e12,c5,p15,l3,421
i07,e04,c5,p35,l3,41
i38,e09,c4,p20,l2,1
i38,e11,c1,p12,l2,202
i18,e12,c1,p35,l3,1
i06,e10,c5,p07,l1,46
i06,e09,c5,p04,l2,72
i13,e08,c5,p17,l3,47
i38,e09,c1,p29,l2,18
i30,e04,c1,p07,l3,8
i43,e01,c1,p03,l3,11
i05,e09,c1,p06,l3,20
i16,e04,c5,p17,l3,6
i38,e10,c4,p24,l4,25
i14,e08,c5,p19,l3,38
i33,e03,c1,p15,l3,1
i14,e11,c5,p01,l3,1
i16,e04,c5,p12,l3,22
i46,e08,c4,p35,l3,188
i01,e08,c1,p19,l3,19
i63,e08,c1,p10,l3,62
i17,e09,c5,p11,l3,4
i43,e08,c1,p21,l3,7
i21,e04,c1,p10,l3,7
i30,e01,c1,p04,l3,3
i30,e09,c1,p23,l3,13
i17,e04,c5,p05,l3,58
i06,e11,c3,p29,l2,8
i06,e07,c5,p35,l2,4
i43,e01,c1,p35,l3,2
i43,e09,c1,p12,l3,1
i43,e01,c1,p14,l3,2
i34,e01,c5,p24,l3,8
i38,e10,c1,unknown,l4,5
i12,e01,c5,p05,l3,3
i39,e01,c5,p11,l3,2
i41,e04,c1,p07,l3,1
i38,e11,c4,p24,l2,4
i21,e01,c1,p06,l3,1
i23,e08,c5,p29,l3,2
i01,e01,c1,p21,l3,4
i46,e09,c1,p29,l3,3
i34,e04,c5,p23,l3,3
i19,e04,c5,p35,l3,7
i38,e05,c1,p10,l1,3
i07,e09,c5,p07,l3,2
i38,e11,c4,p17,l2,4
i38,e10,c1,p20,l1,1
i21,e03,c1,p18,l3,3
i09,e04,c5,p35,l3,12
i23,e12,c5,p07,l3,1
i05,e06,c1,p29,l3,3
i12,e04,c5,p07,l3,4
i46,e08,c1,unknown,l3,1
i14,e12,c5,p08,l3,1
i06,e08,c3,p16,l2,5
i03,e01,c5,p24,l3,2
i34,e09,c5,p17,l3,1
i14,e04,c5,p20,l3,1
i12,e08,c5,p31,l3,1
i46,e09,c4,p04,l3,1
i38,e10,c1,p13,l4,2329
i06,e08,c5,p15,l2,2838
i06,e10,c5,p07,l4,3066
i05,e12,c1,p11,l3,38
i67,e01,c5,p21,l3,1
i06,e04,c5,p14,l1,65
i47,e09,c1,p35,l3,310
i38,e10,c1,p28,l3,2532
i06,e10,c5,p29,l2,54
i38,e11,c4,p10,l2,13
i06,e04,c5,p08,l1,48
i34,e03,c5,p13,l3,65
i17,e08,c5,p21,l3,59
i46,e06,c1,p10,l3,1
i16,e08,c5,p26,l3,10
i22,e02,c5,p06,l3,2
i02,e09,c1,p04,l3,45
i05,e01,c1,p10,l3,39
i34,e03,c5,p25,l3,28
i38,e11,c1,p21,l2,219
i06,e10,c3,p14,l4,11
i39,e04,c5,p21,l3,13
i06,e01,c5,p22,l3,61
i23,e04,c5,p08,l3,8
i26,e09,c1,p35,l3,9
i39,e01,c5,p12,l3,19
i34,e09,c5,p35,l3,37
i06,e10,c5,p09,l2,26
i06,e10,c5,p11,l2,80
i06,e09,c5,p20,l2,16
i38,e01,c1,p17,l3,53
i17,e11,c5,p19,l3,187
i46,e01,c1,p12,l3,1
i46,e11,c1,p16,l3,32
i38,e10,c4,p13,l4,23
i38,e10,c4,p11,l2,4
i46,e11,c4,p05,l3,2
i30,e01,c1,p23,l3,11
i39,e09,c5,p29,l3,10
i46,e01,c1,p19,l3,10
i38,e10,c1,p33,l4,8
i17,e08,c5,p26,l3,5
i06,e05,c5,p29,l1,1
i38,e10,c4,p25,l4,3
i38,e10,c1,p09,l1,8
i23,e01,c5,p17,l3,2
i03,e08,c5,p04,l3,11
i13,e03,c5,p35,l3,5
i34,e04,c5,p29,l3,7
i12,e09,c5,p15,l3,2
i43,e04,c1,p07,l3,2
i38,e10,c1,p02,l1,12
i14,e08,c5,p10,l3,8
i34,e09,c5,p16,l3,1
i46,e09,c1,p03,l3,5
i23,e09,c5,p11,l3,2
i38,e11,c4,p12,l2,3
i41,e09,c1,p11,l3,5
i23,e04,c5,p16,l3,1
i42,e05,c5,p17,l3,4
i22,e05,c5,p10,l3,1
i38,e12,c4,p11,l3,2
i21,e04,c1,p12,l3,1
i21,e03,c1,p12,l3,1
i38,e08,c1,p26,l2,2
i25,e08,c5,p12,l3,1
i38,e10,c1,unknown,l4,1
i05,e12,c1,p20,l3,1
i48,e04,c1,p19,l3,1
i89,e01,c1,p35,l3,1
i06,e12,c5,p21,l3,605
i06,e10,c5,p16,l3,42994
i38,e10,c4,p16,l3,332
i05,e12,c1,p35,l3,126
i38,e04,c1,p21,l1,46
i01,e09,c1,p35,l3,15
i34,e04,c5,p30,l3,17
i06,e10,c5,p15,l2,180
i38,e08,c1,p16,l2,90
i23,e04,c5,p18,l3,5
i34,e09,c5,p21,l3,15
i06,e12,c5,p04,l3,211
i06,e10,c5,p10,l1,164
i02,e09,c1,p15,l3,131
i05,e12,c1,p03,l3,26
i23,e03,c5,p05,l3,4
i06,e01,c5,p18,l3,74
i27,e04,c5,p04,l3,2
i06,e01,c5,p02,l3,37
i17,e04,c5,p21,l3,86
i46,e04,c4,p35,l3,48
i01,e08,c1,p17,l3,67
i06,e09,c5,p35,l2,65
i17,e08,c5,p16,l3,30
i02,e08,c1,p20,l3,25
i06,e07,c5,p17,l2,1
i06,e10,c5,p18,l1,63
i38,e01,c1,p18,l3,29
i39,e04,c5,p07,l3,18
i06,e12,c5,p20,l3,29
i05,e08,c1,p10,l3,32
i38,e10,c4,p06,l3,36
i17,e09,c5,p15,l3,12
i02,e09,c1,p09,l3,24
i17,e08,c5,p32,l3,19
i03,e04,c5,p21,l3,4
i17,e11,c5,p25,l3,3
i06,e10,c5,p06,l2,47
i39,e09,c5,p21,l3,8
i16,e09,c5,p19,l3,8
i46,e08,c1,p01,l3,13
i46,e11,c1,p17,l3,6
i39,e09,c5,p06,l3,3
i38,e10,c1,p07,l2,33
i05,e04,c1,p29,l3,17
i38,e09,c1,p04,l2,21
i06,e10,c5,p22,l1,28
i39,e01,c5,p08,l3,23
i06,e10,c3,p07,l4,2
i39,e04,c5,p02,l3,9
i38,e08,c4,p07,l2,67
i18,e09,c1,p35,l3,11
i06,e07,c5,p09,l2,2
i06,e10,c3,p19,l4,37
i27,e04,c5,p02,l3,1
i38,e01,c4,p19,l3,3
i38,e10,c4,p01,l1,1
i43,e01,c1,p04,l3,3
i17,e11,c5,p15,l3,15
i02,e11,c1,p10,l3,1
i23,e01,c5,p03,l3,1
i14,e05,c5,p18,l3,1
i38,e10,c7,p01,l3,4
i16,e11,c5,p24,l3,1
i13,e08,c5,p11,l3,7
i38,e10,c1,p32,l2,4
i17,e08,c5,p09,l3,3
i14,e11,c5,p08,l3,1
i17,e08,c5,p30,l3,1
i02,e11,c1,p11,l3,1
i32,e09,c5,p18,l3,1
i38,e04,c4,p01,l1,8
i05,e08,c1,p14,l3,1
i13,e03,c5,p11,l3,1
i43,e09,c1,p28,l3,2
i02,e04,c1,p17,l3,110
i06,e10,c5,p13,l4,2854
i02,e01,c1,p05,l3,88
i06,e08,c5,p06,l2,1375
i02,e09,c1,p11,l3,228
i06,e11,c5,p12,l2,249
i06,e10,c5,p20,l4,506
i06,e01,c5,p29,l3,128
i06,e01,c5,p05,l3,153
i38,e10,c1,p06,l4,720
i14,e08,c5,p13,l3,86
i16,e04,c5,p06,l3,14
i06,e10,c3,p28,l4,5
i34,e04,c5,p17,l3,27
i06,e10,c3,p12,l3,121
i14,e08,c5,p01,l3,28
i16,e08,c5,p10,l3,92
i16,e08,c5,p17,l3,13
i02,e04,c1,p14,l3,67
i06,e09,c5,p07,l2,76
i06,e12,c5,p08,l3,43
i43,e09,c1,p10,l3,35
i17,e09,c5,p03,l3,23
i33,e03,c1,p10,l3,28
i46,e11,c1,p02,l3,860
i34,e08,c5,p20,l3,3
i34,e08,c5,p28,l3,12
i38,e09,c1,p17,l2,23
i06,e02,c5,p10,l1,2
i38,e10,c1,p21,l1,23
i38,e10,c1,unknown,l3,12
i05,e09,c1,p19,l3,16
i38,e10,c4,p03,l3,930
i38,e10,c4,p22,l3,77
i17,e11,c5,p14,l3,23
i34,e01,c5,p01,l3,11
i34,e04,c5,p32,l3,11
i14,e11,c5,p35,l3,19
i38,e06,c4,p21,l3,13
i39,e01,c5,p19,l3,12
i38,e10,c1,p19,l1,52
i38,e10,c1,unknown,l3,31
i41,e11,c1,p24,l3,1
i41,e08,c1,p15,l3,6
i03,e04,c5,p04,l3,12
i16,e04,c5,p09,l3,3
i14,e09,c5,p19,l3,7
i06,e04,c5,p26,l1,11
i17,e08,c5,p35,l3,1
i43,e01,c1,p15,l3,1
i14,e01,c5,p15,l3,4
i12,e09,c5,p05,l3,2
i34,e09,c5,p02,l3,2
i43,e09,c1,p21,l3,6
i30,e04,c1,p23,l3,3
i46,e04,c1,p04,l3,1
i30,e01,c1,p01,l3,1
i16,e09,c5,p14,l3,1
i06,e05,c5,p09,l1,1
i05,e09,c1,p05,l3,1
i03,e04,c5,p11,l3,1
i34,e08,c5,p23,l3,3
i13,e01,c5,p16,l3,1
i38,e08,c4,p25,l2,1
i38,e08,c4,p17,l2,1
i16,e05,c5,p12,l3,1
i06,e10,c5,p18,l3,26864
i02,e08,c1,p17,l3,237
i06,e10,c5,p12,l3,34141
i06,e08,c5,p16,l2,4006
i38,e10,c1,p19,l4,6374
i06,e10,c3,p23,l4,15
i02,e08,c1,p18,l3,314
i13,e11,c5,p35,l3,16
i38,e06,c1,p16,l3,527
i34,e04,c5,p18,l3,5
i38,e08,c1,p15,l2,205
i06,e10,c5,p32,l3,7504
i23,e04,c5,p12,l3,2
i06,e11,c5,p03,l2,376
i06,e01,c5,p10,l3,252
i16,e08,c5,p21,l3,50
i23,e04,c5,p28,l3,6
i46,e11,c1,p24,l3,24
i38,e10,c1,p22,l4,529
i02,e04,c1,p22,l3,77
i05,e07,c1,p10,l3,22
i06,e04,c5,p20,l1,31
i02,e04,c1,p08,l3,33
i02,e01,c1,p24,l3,50
i38,e11,c1,p13,l2,208
i38,e01,c1,p13,l3,129
i32,e11,c5,p35,l3,22
i03,e04,c5,p24,l3,15
i46,e01,c4,p35,l3,30
i06,e10,c5,p01,l2,105
i38,e01,c1,p25,l3,14
i39,e01,c5,p17,l3,11
i17,e11,c5,p07,l3,4
i16,e04,c5,p21,l3,20
i06,e10,c5,p09,l1,17
i05,e06,c1,p10,l3,29
i16,e01,c5,p10,l3,12
i13,e03,c5,p10,l3,5
i38,e04,c1,p20,l1,11
i13,e11,c5,p15,l3,3
i42,e05,c5,p10,l3,4
i42,e05,c5,p11,l3,4
i16,e09,c5,p32,l3,2
i05,e08,c1,p11,l3,13
i38,e11,c4,p19,l2,8
i17,e09,c5,p25,l3,3
i05,e08,c1,p13,l3,10
i38,e11,c7,p10,l2,1
i38,e11,c1,unknown,l2,2
i06,e11,c5,p26,l2,2
i66,e04,c3,p18,l3,1
i22,e05,c5,p16,l3,2
i39,e04,c5,p09,l3,8
i12,e01,c5,p24,l3,1
i12,e04,c5,p11,l3,6
i16,e11,c5,p03,l3,1
i46,e08,c1,p21,l3,1
i38,e11,c4,p29,l2,1
i14,e08,c5,p25,l3,2
i05,e12,c1,p24,l3,3
i34,e01,c5,p11,l3,3
i16,e01,c5,p16,l3,2
i23,e09,c5,p19,l3,6
i17,e01,c5,p09,l3,1
i41,e08,c1,p04,l3,1
i33,e03,c1,p05,l3,2
i41,e07,c1,p03,l3,1
i34,e04,c5,p22,l3,5
i38,e07,c1,p12,l2,1
i38,e08,c4,p29,l2,1
i05,e01,c1,p02,l3,1
i06,e05,c5,p07,l1,1
i17,e09,c5,p28,l3,1
i38,e10,c1,p10,l4,12324
i38,e10,c1,p23,l3,2025
i06,e10,c5,p06,l4,2274
i46,e11,c1,p15,l3,215
i38,e10,c4,p17,l4,54
i38,e04,c1,p08,l1,12
i38,e06,c1,p03,l3,836
i38,e08,c1,p29,l2,83
i06,e11,c5,p19,l2,959
i38,e10,c4,p01,l3,452
i02,e09,c1,p01,l3,152
i38,e04,c1,p19,l1,226
i38,e06,c1,p08,l3,249
i02,e08,c1,p01,l3,1071
i06,e11,c5,p29,l2,272
i42,e05,c3,p19,l3,26
i02,e01,c1,p01,l3,197
i38,e06,c1,p24,l3,484
i38,e12,c1,p19,l3,270
i06,e10,c5,p03,l2,84
i16,e04,c5,p10,l3,32
i23,e10,c5,p10,l3,68
i02,e08,c1,p29,l3,218
i38,e10,c4,p11,l4,39
i06,e01,c5,p03,l3,99
i14,e12,c5,p19,l3,99
i38,e04,c1,p01,l1,75
i17,e04,c5,p26,l3,6
i34,e08,c5,p14,l3,10
i17,e04,c5,p16,l3,39
i13,e08,c5,p05,l3,19
i34,e01,c5,p20,l3,7
i27,e09,c5,p21,l3,2
i17,e08,c5,p07,l3,17
i17,e01,c5,p35,l3,5
i12,e04,c5,p13,l3,7
i21,e03,c1,p11,l3,4
i16,e01,c5,p12,l3,6
i30,e01,c1,p18,l3,2
i08,e01,c1,p10,l3,3
i05,e12,c1,p15,l3,3
i41,e04,c1,p08,l3,1
i38,e12,c1,p01,l3,2
i06,e05,c5,p10,l1,1
i05,e06,c1,p13,l3,8
i43,e07,c1,p10,l3,6
i17,e01,c5,p22,l3,3
i14,e09,c5,p16,l3,7
i01,e08,c1,p22,l3,1
i34,e09,c5,p28,l3,4
i07,e12,c5,p24,l3,11
i66,e04,c3,p23,l3,1
i03,e04,c5,p16,l3,2
i23,e03,c5,p13,l3,2
i06,e05,c5,p19,l1,1
i46,e08,c7,p35,l3,5
i42,e05,c5,p08,l3,1
i38,e04,c1,p33,l1,1
i38,e10,c4,p17,l1,2
i67,e09,c5,p08,l3,1
i14,e08,c5,p28,l3,2
i67,e10,c5,p11,l3,4
i38,e09,c1,p30,l2,1
i03,e04,c5,p15,l3,1
i06,e10,c3,p18,l1,1
i34,e09,c5,p22,l3,1
i05,e06,c1,p26,l3,1
i46,e09,c4,p19,l3,1
i05,e01,c1,p05,l3,1
i23,e04,c5,p19,l3,1
i39,e01,c5,p18,l3,1
i38,e08,c4,p10,l2,1
i06,e12,c3,p07,l3,2
i03,e09,c5,p04,l3,1
i05,e08,c1,p12,l3,2
i06,e10,c5,p14,l3,21469
i06,e10,c5,p19,l2,181
i15,e04,c2,p35,l3,565
i38,e10,c4,p07,l4,41
i38,e10,c1,p01,l2,108
i06,e09,c5,p05,l2,106
i17,e01,c5,p10,l3,87
i38,e10,c4,p19,l4,122
i38,e09,c1,p21,l2,68
i38,e10,c1,p17,l1,25
i01,e08,c1,p35,l3,213
i38,e08,c4,p21,l2,4
i02,e09,c1,p18,l3,56
i34,e03,c5,p19,l3,178
i41,e09,c1,p17,l3,4
i38,e10,c7,p10,l3,29
i46,e09,c1,p09,l3,11
i06,e09,c5,p28,l2,26
i02,e01,c1,p25,l3,10
i17,e04,c5,p08,l3,65
i21,e03,c1,p10,l3,8
i38,e08,c1,p11,l2,59
i12,e08,c5,p01,l3,14
i16,e09,c5,p24,l3,7
i43,e09,c1,p01,l3,2
i05,e03,c1,p15,l3,4
i41,e01,c1,p10,l3,7
i02,e04,c1,p06,l3,30
i21,e01,c1,p19,l3,3
i06,e09,c3,p19,l2,1
i14,e13,c5,p10,l3,1
i13,e08,c5,p15,l3,18
i06,e02,c5,p24,l1,2
i16,e09,c5,p02,l3,1
i13,e01,c5,p29,l3,2
i06,e07,c5,p10,l2,3
i48,e11,c1,p16,l3,3
i06,e01,c5,p26,l3,2
i01,e09,c1,p11,l3,1
i39,e09,c5,p32,l3,2
i12,e01,c5,p13,l3,3
i46,e08,c4,p03,l3,1
i17,e01,c5,p30,l3,1
i38,e12,c1,p08,l3,2
i14,e04,c3,p24,l3,1
i38,e11,c1,unknown,l2,3
i03,e10,c5,p11,l3,1
i27,e01,c5,p05,l3,1
i13,e11,c5,p31,l3,4
i63,e08,c1,p35,l3,4
i41,e01,c1,p17,l3,5
i46,e08,c4,p10,l3,1
i13,e03,c5,p29,l3,2
i80,e01,c3,p35,l3,1
i23,e01,c5,p15,l3,1
i06,e10,c3,p25,l4,2
i42,e02,c5,p21,l3,1
i41,e04,c1,p29,l3,1
i05,e06,c1,p16,l3,3
i43,e03,c1,p17,l3,1
i06,e10,c5,p03,l1,69
i38,e10,c1,p10,l3,73576
i38,e10,c1,p03,l3,13787
i02,e08,c1,p19,l3,2071
i02,e09,c1,p28,l3,26
i03,e01,c5,p21,l3,3
i02,e01,c1,p17,l3,90
i02,e09,c1,p05,l3,75
i47,e04,c1,p35,l3,392
i12,e04,c5,p06,l3,5
i34,e04,c5,p16,l3,8
i38,e06,c1,p22,l3,327
i16,e08,c5,p24,l3,36
i14,e08,c5,p04,l3,17
i16,e04,c5,p08,l3,15
i39,e09,c5,p01,l3,11
i06,e09,c5,p14,l2,19
i34,e01,c5,p05,l3,6
i38,e10,c4,p18,l4,50
i38,e10,c4,p18,l3,302
i03,e10,c5,p05,l3,7
i65,e01,c3,p10,l3,8
i27,e01,c5,p19,l3,4
i02,e04,c1,p28,l3,17
i46,e08,c1,p24,l3,2
i06,e12,c3,p17,l3,3
i66,e04,c3,p10,l3,5
i06,e10,c5,p31,l1,9
i38,e10,c4,p03,l2,8
i38,e10,c4,p35,l4,7
i05,e07,c1,p03,l3,3
i38,e12,c1,p17,l3,3
i46,e08,c1,p07,l3,9
i38,e10,c4,p16,l4,38
i05,e04,c1,p21,l3,3
i34,e01,c5,p12,l3,11
i42,e05,c5,p19,l3,9
i46,e08,c1,p12,l3,4
i05,e03,c1,p21,l3,3
i41,e11,c1,p10,l3,6
i06,e07,c5,p15,l2,4
i14,e11,c5,p04,l3,1
i05,e11,c1,p09,l3,1
i05,e04,c1,p17,l3,9
i22,e05,c5,p11,l3,1
i43,e04,c1,p21,l3,9
i23,e09,c5,p16,l3,3
i38,e04,c1,p30,l1,2
i05,e09,c1,p26,l3,1
i14,e01,c5,p11,l3,2
i17,e11,c5,p26,l3,2
i41,e07,c1,p10,l3,7
i22,e05,c5,p28,l3,1
i05,e07,c1,p04,l3,1
i38,e11,c4,p23,l2,1
i05,e05,c4,p08,l3,1
i07,e11,c5,p07,l3,1
i41,e08,c1,p11,l3,3
i05,e08,c1,p09,l3,1
i05,e04,c1,p12,l3,1
i42,e02,c5,p16,l3,1
i02,e11,c1,p09,l3,1
i23,e05,c5,p17,l3,1
i06,e10,c5,p06,l3,24100
i38,e10,c1,p17,l3,11265
i38,e10,c1,p13,l3,10965
i38,e10,c1,p24,l4,1311
i06,e10,c3,p29,l1,1
i02,e01,c1,p16,l3,94
i06,e04,c5,p32,l1,87
i06,e08,c5,p35,l2,1978
i38,e10,c1,p08,l3,2517
i06,e10,c5,p24,l4,3114
i38,e10,c1,p09,l4,550
i05,e04,c1,p35,l3,45
i06,e08,c5,p02,l2,408
i06,e04,c5,p15,l1,320
i06,e10,c5,p26,l4,275
i06,e01,c5,p04,l3,63
i06,e01,c5,p17,l3,73
i14,e08,c5,p03,l3,57
i16,e08,c5,p12,l3,36
i38,e09,c1,p07,l2,31
i03,e08,c5,p16,l3,5
i38,e11,c1,p16,l2,134
i38,e11,c1,p29,l2,93
i02,e08,c7,p12,l3,1
i16,e08,c5,p28,l3,1
i38,e11,c1,p17,l2,221
i17,e04,c5,p09,l3,2
i06,e01,c5,p09,l3,48
i16,e08,c5,p29,l3,30
i38,e04,c1,p05,l1,27
i16,e08,c5,p18,l3,13
i132,e04,c1,p35,l3,3
i06,e10,c3,p04,l3,24
i61,e11,c1,p35,l3,4
i66,e09,c3,p07,l3,3
i38,e10,c4,p12,l3,129
i07,e11,c5,p35,l3,18
i39,e01,c5,p16,l3,3
i06,e10,c3,p18,l4,21
i13,e11,c5,p10,l3,33
i13,e08,c5,p03,l3,3
i38,e11,c4,p21,l2,5
i06,e10,c3,p13,l3,34
i02,e09,c1,p20,l3,6
i38,e10,c1,p28,l1,1
i21,e09,c1,p19,l3,2
i03,e04,c5,p14,l3,1
i14,e08,c5,p12,l3,5
i41,e09,c1,p03,l3,2
i33,e08,c1,p21,l3,4
i43,e04,c1,p28,l3,2
i25,e10,c5,p10,l4,3
i16,e08,c5,p20,l3,3
i38,e08,c4,p14,l2,5
i19,e08,c5,p12,l3,4
i46,e11,c1,p13,l3,4
i17,e09,c5,p02,l3,2
i132,e09,c1,p35,l3,3
i38,e01,c7,p01,l3,1
i34,e03,c5,p20,l3,2
i34,e05,c5,p13,l3,1
i41,e01,c1,p02,l3,1
i23,e04,c5,p02,l3,1
i38,e10,c1,p10,l2,2444
i06,e10,c5,p35,l3,30190
i06,e10,c5,p13,l3,34218
i38,e10,c1,p08,l4,552
i38,e10,c1,p21,l4,2378
i38,e10,c1,p32,l4,363
i38,e06,c1,p01,l3,1044
i38,e10,c1,p25,l3,1845
i06,e10,c5,p21,l2,96
i15,e09,c2,p35,l3,355
i06,e10,c5,p04,l4,2432
i06,e10,c5,p21,l1,89
i38,e09,c1,p10,l2,378
i06,e11,c5,p24,l2,294
i26,e11,c1,p35,l3,25
i06,e12,c5,p29,l3,367
i06,e09,c5,p32,l2,20
i05,e12,c1,p19,l3,34
i18,e04,c1,p35,l3,13
i17,e11,c5,p23,l3,39
i38,e06,c4,p15,l3,63
i34,e03,c5,p06,l3,37
i74,e04,c5,p16,l3,4
i38,e04,c1,p17,l1,46
i06,e01,c5,p20,l3,14
i38,e12,c4,p01,l3,5
i34,e03,c5,p09,l3,8
i48,e11,c1,p23,l3,3
i17,e01,c5,p13,l3,7
i13,e08,c5,p13,l3,9
i38,e10,c4,p02,l4,41
i06,e01,c5,p28,l3,32
i38,e10,c4,p17,l2,3
i38,e10,c4,p22,l4,15
i43,e08,c1,p10,l3,48
i05,e08,c1,p17,l3,50
i12,e04,c5,p03,l3,11
i34,e01,c5,p09,l3,26
i38,e01,c1,p28,l3,10
i06,e10,c3,p01,l4,30
i05,e06,c1,p11,l3,5
i17,e08,c5,p23,l3,18
i06,e05,c5,p06,l1,2
i13,e11,c5,p07,l3,8
i27,e04,c5,p21,l3,5
i38,e10,c1,unknown,l4,19
i17,e09,c3,p18,l3,3
i05,e09,c1,p08,l3,4
i38,e12,c1,p07,l3,6
i30,e01,c1,p15,l3,2
i05,e03,c1,p35,l3,12
i13,e03,c5,p03,l3,1
i46,e01,c4,p13,l3,2
i23,e04,c5,p29,l3,7
i06,e07,c5,p16,l2,2
i23,e08,c5,p08,l3,60
i22,e02,c5,p29,l3,1
i30,e01,c1,p24,l3,4
i06,e05,c5,p28,l1,1
i39,e09,c5,p20,l3,3
i23,e04,c5,p11,l3,1
i12,e09,c5,p18,l3,1
i41,e04,c1,p24,l3,6
i49,e11,c1,p33,l3,1
i14,e11,c5,p15,l3,2
i06,e11,c5,p33,l2,1
i38,e09,c4,p18,l2,1
i43,e09,c1,p04,l3,2
i43,e09,c1,p07,l3,1
i48,e08,c1,p35,l3,1
i02,e08,c1,p26,l3,1
i06,e02,c5,p35,l1,1
i30,e01,c1,p03,l3,1
i09,e09,c5,p18,l3,1
i14,e12,c5,p01,l3,1
i06,e10,c3,p07,l1,1
i01,e04,c1,p32,l3,1
i06,e10,c5,p20,l3,6065
i06,e10,c3,p19,l3,431
i06,e10,c5,p04,l2,83
i38,e01,c1,p09,l3,11
i41,e04,c1,p19,l3,8
i06,e08,c5,p28,l2,252
i02,e08,c1,p21,l3,1344
i30,e01,c1,p08,l3,8
i06,e09,c5,p16,l2,118
i48,e11,c1,p19,l3,10
i39,e01,c5,p35,l3,144
i38,e04,c1,p24,l1,27
i06,e10,c5,p16,l1,108
i18,e01,c1,p35,l3,39
i05,e06,c1,p19,l3,13
i06,e04,c5,p16,l1,231
i05,e01,c1,p12,l3,6
i38,e10,c7,p10,l4,32
i02,e09,c1,p35,l3,98
i05,e12,c1,p10,l3,105
i02,e04,c1,p01,l3,182
i05,e08,c1,p35,l3,214
i06,e08,c5,p32,l2,988
i05,e09,c1,p10,l3,47
i06,e10,c5,p06,l1,29
i23,e01,c5,p10,l3,8
i38,e08,c1,p12,l2,631
i02,e04,c1,p05,l3,91
i06,e04,c5,p23,l1,78
i06,e08,c5,p08,l2,503
i48,e11,c1,p03,l3,1
i38,e10,c1,unknown,l3,63
i38,e10,c1,p07,l1,34
i38,e08,c4,p19,l2,63
i23,e08,c5,p23,l3,57
i07,e08,c5,p19,l3,42
i39,e01,c5,p05,l3,10
i06,e10,c5,p08,l2,17
i03,e01,c5,p01,l3,1
i06,e12,c5,p31,l3,16
i23,e09,c5,p21,l3,3
i06,e10,c3,p12,l4,13
i34,e08,c5,p09,l3,6
i16,e04,c5,p11,l3,14
i14,e01,c5,p23,l3,3
i06,e04,c3,p18,l1,5
i17,e08,c5,p19,l3,60
i41,e01,c1,p04,l3,5
i05,e09,c1,p12,l3,2
i43,e01,c1,p19,l3,5
i43,e04,c1,p01,l3,4
i13,e08,c5,p21,l3,3
i38,e05,c1,p02,l1,1
i06,e12,c3,p21,l3,6
i02,e11,c1,p07,l3,2
i43,e09,c1,p17,l3,2
i46,e01,c1,p03,l3,3
i17,e01,c5,p18,l3,3
i13,e11,c5,p01,l3,6
i27,e04,c5,p29,l3,2
i27,e08,c5,p04,l3,3
i16,e01,c5,p32,l3,3
i34,e04,c5,p02,l3,1
i01,e08,c1,p11,l3,1
i03,e05,c5,p24,l3,1
i41,e04,c1,p23,l3,1
i132,e05,c1,p35,l3,1
i06,e12,c5,p07,l3,146
i06,e11,c5,p21,l2,638
i06,e10,c5,p15,l4,5539
i01,e08,c1,p21,l3,10
i02,e08,c1,p11,l3,1260
i38,e01,c1,p19,l3,177
i17,e04,c5,p17,l3,47
i38,e10,c1,p19,l3,36651
i06,e08,c5,p12,l2,1932
i38,e10,c1,p07,l4,1806
i17,e04,c5,p12,l3,50
i06,e12,c5,p14,l3,134
i28,e08,c1,p35,l3,43047
i06,e04,c5,p22,l1,136
i22,e05,c5,p21,l3,4
i38,e10,c1,p12,l4,2103
i17,e08,c5,p03,l3,44
i14,e08,c5,p21,l3,3
i38,e06,c1,p07,l3,625
i38,e06,c1,p32,l3,169
i38,e11,c1,p01,l2,286
i38,e06,c1,p06,l3,358
i05,e04,c1,p16,l3,1
i06,e11,c5,p02,l2,294
i38,e04,c1,p15,l1,39
i38,e06,c1,p15,l3,835
i38,e06,c1,p25,l3,97
i06,e04,c5,p25,l1,47
i01,e08,c1,p06,l3,9
i16,e08,c5,p32,l3,3
i34,e09,c5,p06,l3,6
i06,e10,c3,p16,l3,208
i21,e01,c1,p12,l3,4
i34,e03,c5,p14,l3,41
i17,e11,c5,p08,l3,4
i43,e08,c1,p35,l3,57
i38,e06,c4,p05,l3,64
i07,e08,c5,p03,l3,54
i06,e10,c5,p11,l1,78
i42,e05,c5,p28,l3,2
i16,e09,c5,p03,l3,4
i49,e10,c1,p33,l3,28
i13,e11,c5,p03,l3,4
i05,e01,c1,p08,l3,3
i38,e10,c1,p23,l2,26
i17,e01,c3,p18,l3,1
i38,e10,c1,p22,l1,12
i44,e08,c3,p10,l3,5
i13,e08,c5,p35,l3,20
i23,e01,c5,p01,l3,4
i46,e11,c1,p09,l3,1
i38,e01,c4,p07,l3,1
i17,e04,c5,p13,l3,20
i05,e12,c1,p26,l3,3
i43,e01,c1,p21,l3,9
i46,e06,c1,p35,l3,9
i02,e08,c4,p28,l3,8
i06,e02,c5,p21,l1,3
i38,e01,c7,p10,l3,2
i16,e01,c5,p18,l3,2
i38,e11,c1,p33,l2,1
i13,e04,c5,p06,l3,1
i05,e04,c1,p01,l3,1
i34,e01,c5,p29,l3,3
i38,e11,c1,p31,l2,3
i38,e11,c4,p05,l2,3
i41,e08,c1,p19,l3,2
i46,e01,c4,p21,l3,1
i05,e08,c1,p24,l3,4
i46,e11,c1,p01,l3,3
i17,e01,c5,p12,l3,1
i06,e07,c5,p19,l2,2
i41,e11,c1,p19,l3,2
i43,e12,c1,p24,l3,1
i21,e01,c1,p21,l3,1
i38,e10,c4,p02,l1,1
i06,e10,c5,p24,l3,33500
i06,e10,c5,p12,l4,3150
i06,e10,c5,p18,l4,2426
i06,e11,c5,p11,l2,392
i17,e04,c5,p23,l3,63
i06,e04,c5,p04,l1,197
i06,e08,c5,p26,l2,194
i06,e11,c5,p04,l2,401
i38,e11,c1,p22,l2,44
i38,e04,c4,p19,l1,10
i39,e01,c5,p07,l3,9
i06,e04,c5,p35,l1,221
i38,e10,c4,p04,l4,27
i06,e04,c5,p12,l1,200
i06,e08,c5,p13,l2,1004
i06,e10,c3,p09,l3,154
i02,e09,c1,p12,l3,73
i34,e03,c5,p02,l3,48
i31,e08,c1,p35,l3,477
i46,e09,c4,p35,l3,35
i17,e04,c5,p10,l3,254
i06,e05,c5,p11,l1,2
i12,e09,c5,p19,l3,11
i30,e09,c1,p19,l3,33
i16,e04,c5,p18,l3,8
i43,e01,c1,p10,l3,27
i30,e04,c1,p17,l3,8
i06,e04,c5,p30,l1,10
i14,e12,c5,p10,l3,2
i16,e04,c5,p03,l3,9
i41,e04,c1,p10,l3,6
i17,e09,c5,p08,l3,6
i01,e08,c1,p02,l3,5
i17,e09,c5,p06,l3,12
i74,e08,c5,p11,l3,2
i01,e01,c1,p11,l3,5
i38,e10,c1,p23,l1,2
i38,e10,c4,p10,l2,2
i38,e11,c4,p08,l2,2
i43,e08,c1,p29,l3,1
i05,e03,c1,p07,l3,3
i26,e01,c1,p35,l3,3
i01,e08,c1,p23,l3,9
i38,e11,c4,p11,l2,3
i05,e07,c1,p14,l3,2
i14,e04,c5,p18,l3,4
i43,e01,c1,p16,l3,1
i38,e10,c7,p01,l2,4
i14,e04,c5,p32,l3,1
i43,e08,c1,p01,l3,1
i05,e01,c1,p15,l3,3
i14,e12,c5,p21,l3,1
i06,e10,c3,p09,l4,4
i38,e12,c1,p25,l3,1
i05,e01,c1,p32,l3,3
i14,e11,c5,p24,l3,1
i30,e09,c1,p35,l3,3
i05,e12,c4,p35,l3,2
i34,e09,c5,p04,l3,1
i05,e09,c1,p29,l3,2
i34,e01,c5,p16,l3,2
i38,e10,c1,p15,l3,13221
i06,e10,c5,p29,l3,21318
i06,e01,c5,p07,l3,84
i17,e04,c5,p01,l3,161
i06,e12,c5,p02,l3,110
i38,e10,c1,p32,l3,1415
i39,e04,c5,p04,l3,23
i38,e10,c1,p11,l3,16120
i38,e08,c1,p01,l2,149
i14,e08,c5,p08,l3,33
i38,e10,c1,p31,l3,181
i34,e04,c5,p13,l3,23
i06,e04,c5,p07,l1,170
i05,e01,c1,p35,l3,34
i02,e09,c1,p21,l3,171
i06,e01,c5,p13,l3,94
i06,e10,c3,p04,l2,3
i06,e10,c5,p10,l2,226
i34,e04,c5,p19,l3,69
i17,e01,c5,p17,l3,10
i38,e10,c4,p15,l3,163
i06,e01,c5,p32,l3,20
i23,e09,c5,p12,l3,1
i38,e04,c1,p16,l1,22
i02,e08,c1,p06,l3,14
i06,e10,c3,p25,l3,56
i38,e10,c1,p17,l2,46
i06,e10,c5,p02,l1,23
i06,e11,c3,p10,l2,27
i38,e10,c7,p13,l3,20
i38,e10,c1,p03,l2,99
i38,e06,c4,p19,l3,44
i06,e10,c5,p12,l2,63
i07,e09,c5,p03,l3,1
i34,e03,c5,p30,l3,1
i12,e04,c5,p10,l3,6
i38,e10,c4,p23,l4,12
i34,e08,c5,p24,l3,27
i42,e05,c5,p14,l3,8
i46,e11,c1,unknown,l3,54
i16,e08,c5,p15,l3,12
i46,e01,c1,p02,l3,1
i14,e04,c5,p03,l3,4
i06,e10,c3,p26,l4,13
i38,e10,c4,p05,l2,2
i05,e01,c1,p06,l3,5
i05,e09,c1,p04,l3,1
i43,e09,c1,p09,l3,3
i34,e04,c5,p11,l3,5
i21,e03,c1,p13,l3,3
i06,e12,c3,p10,l3,2
i12,e04,c5,p17,l3,2
i14,e05,c5,p22,l3,1
i21,e09,c1,p24,l3,1
i38,e10,c4,p35,l3,7
i03,e10,c5,p21,l3,2
i30,e04,c1,p15,l3,1
i17,e01,c5,p24,l3,7
i30,e04,c1,p04,l3,8
i39,e09,c5,p12,l3,4
i21,e03,c1,p04,l3,1
i05,e06,c1,p04,l3,2
i39,e04,c5,p23,l3,3
i34,e01,c5,p17,l3,2
i16,e01,c5,p23,l3,1
i38,e08,c7,p13,l2,1
i05,e08,c1,p29,l3,1
i19,e03,c5,p35,l3,1
i30,e01,c1,p25,l3,1
i06,e10,c5,p14,l4,1972
i06,e10,c5,p16,l4,4338
i06,e10,c5,p28,l4,1138
i38,e10,c1,p18,l4,1013
i06,e08,c5,p29,l2,1266
i38,e10,c4,p10,l3,697
i06,e11,c5,p15,l2,485
i30,e04,c1,p19,l3,76
i38,e10,c4,p10,l4,123
i06,e10,c5,p30,l3,591
i38,e10,c1,p30,l3,48
i38,e09,c1,p19,l2,208
i46,e08,c7,p13,l3,2
i38,e10,c4,p04,l2,2
i06,e01,c5,p15,l3,131
i05,e04,c1,p10,l3,47
i38,e11,c1,p32,l2,22
i02,e08,c1,p28,l3,90
i06,e08,c5,p20,l2,597
i06,e11,c5,p31,l2,50
i02,e08,c1,p02,l3,149
i38,e11,c1,p35,l2,33
i06,e08,c5,p25,l2,237
i38,e10,c4,p35,l2,4
i23,e08,c5,p07,l3,21
i05,e08,c1,p04,l3,8
i02,e04,c1,p32,l3,9
i02,e09,c1,p29,l3,37
i14,e08,c5,p05,l3,66
i38,e12,c1,p13,l3,2
i74,e04,c5,p06,l3,7
i38,e08,c4,p06,l2,3
i17,e08,c5,p08,l3,50
i46,e08,c1,p05,l3,8
i06,e10,c3,p13,l4,12
i34,e09,c5,p09,l3,12
i16,e04,c5,p07,l3,15
i12,e08,c5,p05,l3,7
i34,e03,c5,p28,l3,22
i16,e08,c5,p13,l3,24
i17,e08,c5,p15,l3,37
i36,e01,c5,p35,l3,5
i21,e09,c1,p10,l3,7
i12,e08,c5,p13,l3,7
i05,e08,c1,p22,l3,5
i41,e01,c1,p29,l3,3
i42,e05,c5,p05,l3,12
i41,e04,c1,p06,l3,3
i31,e01,c1,p35,l3,4
i14,e12,c5,p06,l3,1
i05,e06,c1,p01,l3,7
i30,e04,c1,p11,l3,13
i38,e10,c1,p35,l1,7
i14,e09,c5,p01,l3,6
i41,e04,c1,p17,l3,5
i02,e08,c4,p17,l3,2
i39,e04,c5,p28,l3,3
i05,e04,c1,p03,l3,5
i14,e09,c5,p15,l3,7
i16,e01,c5,p04,l3,3
i23,e09,c5,p15,l3,4
i06,e04,c3,p04,l1,6
i16,e09,c5,p12,l3,3
i14,e11,c5,p11,l3,2
i34,e01,c5,p03,l3,3
i38,e09,c4,p19,l2,2
i38,e12,c1,p15,l3,3
i39,e05,c5,p35,l3,1
i06,e10,c3,p15,l4,8
i46,e04,c1,p19,l3,4
i38,e01,c1,p30,l3,2
i05,e04,c1,p22,l3,1
i45,e09,c1,p35,l3,1
i38,e12,c1,p14,l3,1
i46,e04,c1,p29,l3,3
i32,e01,c5,p18,l3,1
i46,e09,c1,p23,l3,1
i23,e01,c5,p12,l3,2
i09,e09,c5,p24,l3,1
i06,e02,c5,p17,l1,1
i23,e03,c5,p24,l3,3
i41,e09,c1,p35,l3,7
i21,e09,c1,p03,l3,3
i35,e09,c2,p35,l3,2
i16,e01,c5,p14,l3,2
i39,e01,c5,p29,l3,1
i15,e01,c2,p35,l3,352
i06,e10,c5,p31,l3,3247
i38,e10,c1,p01,l3,16382
i06,e11,c5,p05,l2,646
i38,e10,c1,p01,l4,3417
i06,e10,c5,p25,l4,1158
i38,e11,c1,p11,l2,261
i06,e04,c5,p28,l1,68
i41,e01,c1,p35,l3,15
i48,e11,c1,p17,l3,9
i38,e10,c1,p21,l2,93
i38,e10,c7,p13,l2,15
i06,e10,c5,p18,l2,32
i06,e10,c5,p32,l1,27
i06,e10,c5,p17,l1,65
i14,e01,c5,p05,l3,6
i06,e09,c3,p12,l2,1
i38,e09,c1,p15,l2,49
i06,e09,c5,p22,l2,50
i06,e12,c5,p12,l3,271
i06,e08,c5,p09,l2,882
i34,e03,c5,p16,l3,78
i38,e10,c1,p28,l2,12
i17,e11,c5,p06,l3,10
i46,e09,c1,p15,l3,1
i31,e04,c1,p35,l3,5
i30,e01,c1,p11,l3,7
i02,e01,c1,p23,l3,40
i49,e10,c1,p33,l3,18
i17,e08,c5,p29,l3,26
i17,e04,c5,p30,l3,5
i46,e04,c1,p23,l3,1
i16,e04,c5,p29,l3,18
i39,e01,c5,p10,l3,12
i42,e05,c5,p07,l3,3
i46,e11,c1,p14,l3,6
i38,e04,c1,p04,l1,17
i38,e10,c1,p08,l1,5
i38,e05,c4,p11,l1,1
i06,e10,c5,p08,l1,16
i23,e03,c5,p11,l3,2
i02,e04,c1,p25,l3,4
i14,e01,c5,p29,l3,1
i46,e09,c1,p24,l3,1
i08,e09,c1,p10,l3,3
i02,e09,c1,p31,l3,5
i46,e11,c4,p13,l3,1
i46,e01,c7,p13,l3,2
i05,e08,c1,p07,l3,1
i05,e06,c1,p06,l3,1
i66,e04,c3,p19,l3,2
i12,e04,c5,p24,l3,4
i17,e08,c5,p20,l3,2
i23,e09,c5,p04,l3,1
i13,e09,c5,p19,l3,1
i13,e08,c5,p02,l3,4
i43,e11,c1,p10,l3,5
i06,e07,c5,p21,l2,3
i03,e08,c5,p22,l3,3
i01,e04,c1,p02,l3,1
i09,e01,c5,p15,l3,2
i05,e07,c1,p35,l3,4
i05,e09,c1,p17,l3,1
i38,e09,c4,p02,l2,3
i23,e05,c5,p10,l3,1
i38,e10,c4,p05,l1,1
i38,e11,c4,p22,l2,1
i03,e11,c5,p07,l3,2
i27,e01,c5,p21,l3,1
i65,e09,c3,p35,l3,1
i16,e01,c5,p20,l3,1
i06,e10,c5,p11,l3,38674
i17,e04,c5,p02,l3,17
i14,e12,c5,p17,l3,36
i38,e10,c1,p15,l4,2229
i06,e11,c5,p06,l2,271
i02,e09,c1,p10,l3,385
i38,e10,c1,p18,l3,5479
i06,e04,c5,p02,l1,64
i17,e08,c5,p05,l3,78
i38,e10,c1,p23,l4,425
i06,e10,c5,p35,l4,2896
i02,e01,c1,p15,l3,96
i02,e08,c1,p12,l3,253
i34,e08,c5,p17,l3,28
i02,e01,c1,p13,l3,110
i07,e09,c5,p35,l3,9
i06,e10,c5,p35,l2,87
i06,e09,c5,p29,l2,107
i06,e04,c5,p17,l1,179
i08,e04,c1,p10,l3,6
i06,e10,c3,p05,l4,23
i06,e10,c3,p03,l3,165
i13,e08,c5,p19,l3,20
i06,e10,c5,p17,l2,73
i65,e01,c3,p35,l3,5
i38,e10,c4,p05,l4,75
i46,e08,c4,p13,l3,12
i06,e10,c5,p05,l2,102
i34,e09,c5,p12,l3,7
i22,e05,c5,p35,l3,49
i59,e08,c5,p10,l3,18
i02,e04,c1,p02,l3,48
i38,e09,c7,p10,l2,6
i38,e10,c4,p14,l3,126
i39,e04,c5,p17,l3,28
i38,e10,c1,p20,l2,24
i38,e01,c4,p02,l3,3
i38,e08,c1,p33,l2,2
i06,e05,c5,p05,l1,3
i54,e04,c1,p35,l3,2
i38,e11,c4,p16,l2,2
i34,e04,c5,p15,l3,4
i42,e05,c3,p32,l3,13
i17,e11,c5,p17,l3,1
i16,e09,c5,p11,l3,7
i05,e12,c1,p04,l3,11
i02,e11,c1,p16,l3,1
i28,e01,c1,p35,l3,2
i38,e11,c4,p28,l2,2
i05,e03,c1,p19,l3,4
i01,e08,c1,p24,l3,1
i33,e09,c1,p21,l3,2
i07,e01,c5,p07,l3,2
i05,e04,c1,p06,l3,6
i41,e07,c1,p23,l3,1
i42,e02,c5,p13,l3,1
i23,e01,c5,p21,l3,2
i17,e04,c5,p33,l3,1
i03,e08,c5,p19,l3,1
i88,e04,c1,p35,l3,3
i06,e08,c3,p21,l2,1
i38,e07,c1,p17,l2,1
i41,e08,c1,p23,l3,1
i38,e10,c1,p14,l3,5454
i06,e09,c5,p10,l2,239
i38,e11,c1,p10,l2,1172
i06,e10,c3,p21,l3,237
i02,e09,c1,p14,l3,70
i06,e10,c3,p10,l4,52
i38,e06,c1,p23,l3,339
i02,e08,c1,p03,l3,620
i02,e08,c1,p22,l3,152
i05,e12,c1,p12,l3,11
i02,e01,c1,p32,l3,31
i38,e10,c1,p11,l2,108
i38,e10,c1,p12,l1,8
i38,e10,c4,p04,l3,100
i16,e04,c5,p01,l3,14
i06,e10,c5,p16,l2,100
i34,e03,c5,p12,l3,76
i23,e09,c5,p29,l3,2
i39,e01,c5,p06,l3,2
i06,e10,c5,p14,l1,51
i38,e01,c1,p15,l3,40
i06,e04,c5,p06,l1,133
i16,e01,c5,p11,l3,17
i42,e05,c3,p21,l3,21
i02,e01,c4,p28,l3,2
i39,e04,c5,p19,l3,43
i17,e04,c5,p15,l3,36
i16,e08,c5,p16,l3,14
i38,e12,c1,p16,l3,272
i06,e12,c5,p25,l3,50
i12,e08,c5,p10,l3,15
i34,e08,c5,p25,l3,1
i30,e04,c1,p12,l3,4
i34,e08,c5,p29,l3,17
i17,e08,c5,p13,l3,18
i05,e03,c1,p24,l3,2
i38,e08,c4,p20,l2,11
i38,e01,c1,p24,l3,10
i39,e01,c5,p20,l3,5
i17,e01,c5,p29,l3,16
i30,e04,c1,p01,l3,1
i01,e11,c1,p35,l3,5
i13,e08,c5,p07,l3,5
i66,e04,c3,p35,l3,10
i23,e03,c5,p21,l3,1
i23,e03,c5,p10,l3,6
i32,e01,c5,p35,l3,2
i09,e05,c5,p12,l3,1
i42,e05,c5,p04,l3,1
i14,e11,c5,p03,l3,3
i38,e09,c1,p26,l2,9
i38,e11,c4,p14,l2,1
i45,e01,c1,p17,l3,1
i46,e09,c1,p12,l3,3
i06,e01,c5,p33,l3,3
i01,e09,c1,p21,l3,2
i14,e12,c5,p16,l3,2
i14,e08,c3,p19,l3,1
i38,e08,c4,p03,l2,5
i17,e04,c3,p18,l3,3
i38,e01,c4,p25,l3,1
i37,e11,c5,p33,l3,1
i03,e04,c5,p05,l3,1
i06,e05,c5,p12,l1,1
i12,e09,c5,p13,l3,1
i46,e11,c1,p19,l3,207
i06,e10,c3,p02,l3,50
i38,e06,c1,p29,l3,539
i06,e11,c5,p16,l2,324
i38,e06,c1,p09,l3,199
i38,e04,c1,p10,l1,604
i38,e10,c1,p05,l2,50
i06,e04,c5,p19,l1,746
i02,e08,c1,p13,l3,830
i06,e08,c5,p01,l2,2386
i38,e08,c1,p09,l2,121
i02,e09,c1,p03,l3,174
i38,e09,c1,p02,l2,34
i38,e04,c1,p29,l1,30
i16,e08,c5,p02,l3,19
i38,e01,c1,p21,l3,91
i17,e04,c5,p06,l3,38
i06,e01,c5,p08,l3,50
i06,e01,c5,p12,l3,69
i06,e12,c5,p32,l3,75
i34,e08,c5,p06,l3,16
i17,e04,c5,p19,l3,55
i67,e04,c5,p05,l3,2
i38,e11,c1,p24,l2,120
i06,e09,c5,p31,l2,8
i16,e01,c5,p24,l3,9
i17,e11,c5,p20,l3,2
i39,e09,c5,p07,l3,5
i43,e01,c1,p17,l3,9
i23,e03,c5,p04,l3,1
i09,e04,c5,p05,l3,1
i05,e06,c1,p15,l3,6
i36,e04,c5,p35,l3,5
i14,e04,c5,p04,l3,3
i38,e12,c1,p11,l3,3
i34,e01,c5,p13,l3,10
i42,e05,c3,p22,l3,1
i48,e11,c1,p15,l3,3
i38,e08,c1,p20,l2,15
i14,e01,c5,p01,l3,6
i05,e12,c1,p07,l3,1
i07,e04,c5,p03,l3,3
i03,e01,c5,p22,l3,3
i42,e02,c5,p28,l3,1
i130,e08,c5,p26,l3,1
i38,e05,c1,p35,l1,2
i02,e09,c1,p32,l3,24
i21,e03,c1,p23,l3,1
i23,e05,c5,p01,l3,2
i38,e01,c4,p28,l3,6
i23,e09,c5,p01,l3,3
i02,e04,c4,p15,l3,6
i72,e08,c1,p35,l3,4
i48,e11,c1,p12,l3,4
i01,e08,c1,p20,l3,4
i17,e09,c5,p18,l3,7
i17,e09,c5,p13,l3,8
i02,e04,c1,p31,l3,5
i38,e10,c1,p09,l2,10
i06,e08,c3,p08,l2,3
i05,e12,c1,p31,l3,1
i34,e04,c5,p21,l3,3
i34,e01,c5,p06,l3,2
i14,e11,c5,p29,l3,2
i38,e01,c4,p16,l3,2
i01,e11,c1,p10,l3,3
i24,e08,c1,p19,l3,1
i34,e09,c5,p14,l3,5
i38,e05,c1,p29,l1,1
i27,e04,c5,p24,l3,1
i14,e11,c5,p10,l3,2
i23,e03,c5,p19,l3,1
i01,e01,c1,p29,l3,1
i38,e09,c4,p06,l2,1
i02,e09,c4,p25,l3,1
i48,e04,c1,p03,l3,1
i34,e01,c5,p10,l3,75
i06,e10,c5,p05,l3,50895
i06,e08,c5,p10,l2,4462
i38,e11,c1,p19,l2,662
i46,e08,c1,p35,l3,1122
i06,e10,c5,p11,l4,3836
i02,e08,c1,p04,l3,414
i38,e10,c1,p11,l4,2779
i38,e06,c1,p12,l3,565
i06,e10,c5,p09,l4,1448
i34,e03,c5,p11,l3,38
i38,e06,c1,p18,l3,381
i14,e08,c5,p07,l3,33
i38,e06,c1,p19,l3,2258
i05,e12,c1,p01,l3,8
i02,e01,c1,p28,l3,44
i06,e10,c5,p25,l1,21
i38,e06,c1,p30,l3,83
i38,e01,c1,p11,l3,57
i12,e08,c5,p06,l3,12
i06,e12,c3,p08,l3,12
i06,e01,c5,p16,l3,100
i23,e08,c5,p28,l3,4
i38,e01,c1,p02,l3,24
i06,e10,c5,p20,l1,16
i06,e10,c5,p20,l2,41
i46,e09,c1,p35,l3,150
i34,e01,c5,p35,l3,30
i38,e04,c1,p13,l1,425
i23,e11,c5,p35,l3,7
i38,e04,c1,p02,l1,31
i38,e10,c4,p28,l3,33
i39,e09,c5,p13,l3,3
i38,e07,c1,p16,l2,2
i06,e10,c3,p14,l3,127
i21,e03,c1,p01,l3,8
i46,e04,c1,p13,l3,37
i46,e11,c1,p26,l3,8
i38,e04,c1,p22,l1,28
i48,e11,c1,p35,l3,15
i13,e03,c5,p05,l3,1
i07,e12,c5,p09,l3,12
i103,e05,c5,p28,l3,1
i25,e10,c5,p16,l4,2
i02,e01,c1,p31,l3,4
i38,e10,c4,p15,l4,38
i13,e08,c5,p31,l3,16
i06,e09,c5,p30,l2,2
i06,e10,c3,p11,l4,4
i16,e08,c5,p25,l3,3
i05,e06,c1,p17,l3,5
i17,e01,c5,p23,l3,7
i39,e01,c5,p04,l3,5
i14,e01,c5,p06,l3,1
i06,e10,c3,p22,l3,5
i39,e09,c5,p17,l3,6
i14,e04,c5,p08,l3,1
i43,e08,c1,p17,l3,1
i16,e01,c5,p17,l3,1
i43,e04,c1,p29,l3,2
i41,e08,c1,p17,l3,4
i74,e08,c5,p21,l3,6
i01,e08,c1,p13,l3,20
i38,e11,c1,p26,l2,3
i46,e04,c1,p09,l3,11
i43,e08,c1,p13,l3,2
i34,e08,c5,p31,l3,2
i06,e11,c3,p16,l2,2
i02,e09,c4,p28,l3,1
i32,e11,c5,p13,l3,2
i01,e01,c1,p15,l3,1
i05,e01,c1,p04,l3,2
i67,e10,c5,p19,l3,2
i38,e11,c4,p06,l2,1
i06,e10,c5,p23,l3,15036
i34,e03,c5,p18,l3,45
i06,e04,c5,p11,l1,178
i06,e12,c5,p16,l3,428
i06,e11,c5,p25,l2,110
i06,e08,c5,p31,l2,201
i17,e04,c5,p29,l3,46
i14,e08,c5,p17,l3,13
i05,e04,c1,p11,l3,17
i23,e08,c5,p35,l3,68
i02,e01,c1,p29,l3,60
i39,e04,c5,p06,l3,13
i05,e12,c1,p21,l3,24
i34,e01,c5,p21,l3,25
i38,e09,c4,p03,l2,3
i39,e09,c5,p24,l3,8
i16,e01,c5,p05,l3,11
i01,e04,c1,p15,l3,6
i03,e01,c5,p04,l3,1
i39,e09,c5,p03,l3,2
i38,e10,c1,p24,l1,11
i17,e11,c5,p13,l3,19
i17,e01,c5,p15,l3,6
i39,e04,c5,p22,l3,28
i12,e04,c5,p05,l3,12
i38,e10,c1,p14,l2,38
i42,e02,c5,p19,l3,4
i16,e01,c5,p06,l3,5
i14,e08,c3,p02,l3,32
i46,e11,c1,p18,l3,12
i38,e08,c7,p10,l2,9
i06,e04,c3,p10,l1,9
i38,e09,c1,p25,l2,8
i34,e04,c5,p03,l3,21
i05,e03,c7,p35,l3,1
i41,e09,c1,p10,l3,6
i02,e09,c1,p26,l3,1
i02,e08,c4,p05,l3,1
i41,e05,c1,p19,l3,1
i41,e01,c1,p07,l3,12
i38,e11,c4,p03,l2,4
i30,e04,c1,p13,l3,1
i41,e01,c1,p03,l3,1
i09,e04,c5,p01,l3,2
i81,e04,c5,p35,l3,4
i06,e12,c3,p16,l3,2
i25,e03,c5,p04,l3,1
i33,e03,c1,p23,l3,1
i17,e09,c5,p09,l3,1
i05,e09,c1,p03,l3,3
i02,e11,c1,p12,l3,1
i43,e01,c1,p12,l3,2
i67,e01,c5,p04,l3,2
i30,e04,c1,p25,l3,3
i03,e01,c5,p06,l3,2
i27,e04,c5,p18,l3,1
i28,e09,c1,p35,l3,3
i05,e06,c1,p12,l3,5
i46,e09,c7,p13,l3,1
i75,e01,c1,p35,l3,2
i01,e08,c1,p16,l3,3
i38,e11,c4,p20,l2,2
i16,e01,c5,p22,l3,1
i14,e01,c5,p31,l3,1
i46,e04,c1,p15,l3,1
i27,e01,c5,p07,l3,1
i22,e05,c5,p17,l3,1
i43,e09,c1,p15,l3,1
i38,e11,c1,unknown,l2,1
i16,e09,c5,p17,l3,2
i14,e08,c3,p32,l3,1
i06,e10,c5,p19,l3,106286
i06,e10,c5,p10,l3,128554
i06,e10,c5,p02,l3,16867
i06,e10,c5,p05,l4,4910
i38,e10,c1,p19,l2,235
i06,e08,c5,p19,l2,7937
i06,e11,c5,p35,l2,1284
i02,e04,c1,p19,l3,954
i06,e10,c5,p13,l2,69
i06,e11,c5,p10,l2,1458
i06,e08,c5,p22,l2,2489
i38,e10,c4,p05,l3,280
i06,e12,c5,p19,l3,840
i17,e09,c5,p10,l3,86
i02,e08,c1,p07,l3,479
i42,e05,c3,p29,l3,2
i38,e10,c4,p08,l3,115
i38,e11,c1,p09,l2,60
i43,e08,c1,p12,l3,1
i02,e01,c1,p03,l3,178
i02,e04,c1,p29,l3,101
i38,e01,c1,p08,l3,10
i38,e01,c1,p12,l3,24
i02,e01,c1,p08,l3,31
i26,e04,c1,p35,l3,4
i38,e01,c1,p23,l3,26
i41,e08,c1,p03,l3,97
i38,e01,c1,p14,l3,36
i38,e10,c1,p02,l2,25
i39,e04,c5,p03,l3,20
i06,e12,c5,p03,l3,237
i41,e08,c1,p35,l3,25
i02,e04,c1,p23,l3,31
i41,e01,c1,p11,l3,9
i46,e08,c1,p16,l3,25
i06,e10,c3,p32,l4,27
i02,e11,c1,p19,l3,4
i34,e09,c5,p13,l3,25
i14,e08,c5,p11,l3,73
i16,e09,c5,p05,l3,4
i05,e08,c1,p21,l3,30
i38,e01,c1,p26,l3,8
i39,e04,c5,p08,l3,7
i38,e01,c4,p10,l3,8
i34,e09,c5,p01,l3,9
i34,e04,c5,p24,l3,11
i34,e01,c5,p32,l3,19
i30,e09,c1,p21,l3,4
i34,e08,c5,p35,l3,43
i22,e02,c5,p12,l3,2
i17,e04,c5,p35,l3,12
i41,e09,c1,p04,l3,7
i09,e04,c5,p12,l3,2
i14,e08,c5,p09,l3,4
i42,e05,c5,p16,l3,6
i05,e12,c1,p13,l3,11
i38,e07,c1,p01,l2,1
i06,e09,c5,p25,l2,17
i43,e01,c1,p18,l3,1
i38,e10,c1,p04,l1,11
i38,e12,c1,p21,l3,3
i38,e09,c4,p21,l2,10
i14,e09,c5,p05,l3,1
i38,e11,c4,p01,l2,4
i01,e09,c1,p03,l3,1
i21,e04,c1,p13,l3,1
i22,e02,c5,p19,l3,1
i42,e05,c5,p15,l3,2
i42,e02,c5,p29,l3,1
i12,e08,c5,p18,l3,4
i06,e12,c5,p26,l3,6
i34,e09,c5,p30,l3,4
unknown,e01,c3,p35,l3,1
i14,e09,c5,p28,l3,3
i06,e05,c5,p09,l1,6
i07,e12,c5,p29,l3,4
i06,e10,c3,p10,l1,3
i14,e11,c3,p11,l3,1
i21,e12,c1,p19,l3,4
i05,e03,c1,p14,l3,1
i30,e09,c1,p06,l3,2
i13,e01,c5,p07,l3,1
i06,e05,c3,p10,l1,1
i23,e01,c5,p09,l3,1
i01,e09,c1,p17,l3,1
i03,e04,c5,p19,l3,1
i67,e09,c5,p21,l3,1
i06,e08,c3,p03,l2,1
i01,e01,c1,p10,l3,1
i34,e01,c5,p23,l3,1
i06,e10,c5,p09,l3,15057
i17,e08,c5,p14,l3,55
i38,e10,c1,p16,l3,7690
i02,e09,c1,p23,l3,17
i17,e01,c5,p21,l3,16
i09,e04,c5,p15,l3,2
i38,e10,c1,p05,l4,1922
i38,e10,c1,p04,l4,1003
i38,e06,c1,p04,l3,188
i38,e10,c1,p14,l4,1005
i02,e01,c1,p10,l3,280
i17,e01,c5,p19,l3,17
i38,e10,c4,p17,l3,199
i01,e08,c1,p03,l3,43
i06,e01,c5,p06,l3,65
i02,e08,c1,p25,l3,17
i38,e10,c1,p13,l2,269
i39,e04,c5,p24,l3,22
i07,e09,c5,p24,l3,2
i34,e08,c5,p32,l3,27
i39,e04,c5,p15,l3,14
i23,e04,c5,p04,l3,3
i17,e08,c5,p04,l3,11
i02,e09,c1,p06,l3,16
i41,e08,c1,p02,l3,3
i17,e09,c5,p32,l3,2
i42,e05,c5,p20,l3,8
i34,e08,c5,p07,l3,11
i38,e09,c1,p11,l2,40
i05,e01,c1,p21,l3,11
i38,e04,c7,p10,l1,2
i14,e04,c5,p19,l3,19
i02,e01,c1,p06,l3,21
i06,e04,c3,p21,l1,1
i34,e01,c5,p22,l3,6
i12,e04,c5,p15,l3,1
i46,e08,c1,p22,l3,3
i39,e01,c5,p28,l3,2
i23,e01,c5,p07,l3,9
i06,e01,c5,p31,l3,10
i43,e04,c1,p17,l3,2
i05,e12,c1,p17,l3,2
i38,e10,c7,p01,l4,2
i38,e07,c4,p01,l2,3
i39,e04,c5,p25,l3,4
i46,e04,c1,p03,l3,4
i34,e01,c5,p02,l3,2
i41,e09,c1,p19,l3,7
i42,e05,c5,p25,l3,1
i38,e09,c1,p09,l2,4
i38,e12,c1,p29,l3,1
i01,e09,c1,p10,l3,3
i38,e10,c1,unknown,l3,10
i23,e03,c5,p08,l3,6
i14,e04,c5,p11,l3,15
i41,e04,c1,p21,l3,1
i05,e09,c1,p32,l3,2
i11,e09,c4,p35,l3,1
i01,e01,c1,p19,l3,6
i23,e08,c5,p01,l3,1
i14,e05,c5,p21,l3,1
i38,e10,c7,p13,l1,1
i47,e01,c4,p35,l3,2
i30,e09,c1,p07,l3,2
i17,e04,c5,p25,l3,3
i38,e01,c1,p35,l3,2
i02,e11,c1,p06,l3,1
i43,e08,c1,p07,l3,2
i05,e12,c1,p18,l3,4
i06,e02,c5,p04,l1,1
i38,e04,c1,p26,l1,1
i46,e01,c1,p04,l3,1
i17,e09,c5,p12,l3,1
i02,e11,c1,p04,l3,1
i09,e04,c5,p16,l3,1
i38,e11,c1,p33,l2,1
i12,e01,c5,p16,l3,1
