i39,e04,c5,p22,l3,56
i02,e08,c1,p13,l3,1046
i06,e10,c5,p11,l3,42810
i02,e01,c1,p09,l3,29
i06,e12,c5,p10,l3,957
i06,e09,c5,p25,l2,42
i38,e10,c1,p17,l3,12413
i38,e08,c1,p28,l2,81
i17,e04,c5,p10,l3,265
i06,e04,c5,p22,l1,164
i02,e01,c1,p17,l3,131
i06,e10,c5,p19,l1,216
i07,e12,c5,p35,l3,137
i06,e09,c5,p35,l2,97
i02,e04,c1,p22,l3,87
i46,e11,c1,p03,l3,51
i06,e10,c5,p32,l4,710
i38,e11,c1,p07,l2,234
i17,e08,c5,p01,l3,99
i02,e09,c1,p16,l3,50
i38,e10,c1,p19,l1,44
i02,e01,c1,p15,l3,90
i39,e04,c5,p04,l3,52
i38,e06,c4,p29,l3,15
i06,e10,c3,p32,l3,2
i38,e10,c4,p06,l4,33
i05,e09,c1,p19,l3,30
i41,e01,c1,p35,l3,14
i46,e11,c1,p23,l3,33
i02,e09,c1,p17,l3,126
i38,e11,c1,p06,l2,78
i17,e11,c5,p15,l3,50
i02,e09,c1,p02,l3,84
i24,e08,c1,p06,l3,57
i34,e01,c5,p15,l3,9
i41,e01,c1,p10,l3,20
i02,e08,c1,p24,l3,79
i17,e09,c5,p35,l3,5
i02,e11,c1,p10,l3,9
i06,e10,c5,p24,l1,26
i38,e08,c4,p21,l2,12
i05,e12,c1,p01,l3,7
i38,e10,c1,p12,l2,108
i38,e10,c1,p11,l1,41
i14,e01,c5,p25,l3,3
i17,e09,c5,p23,l3,6
i43,e04,c4,p01,l3,5
i17,e01,c5,p23,l3,19
i06,e10,c3,p10,l4,34
i41,e09,c1,p13,l3,7
i41,e01,c1,p05,l3,5
i14,e08,c5,p31,l3,20
i06,e10,c5,p09,l2,13
i39,e04,c5,p02,l3,7
i16,e08,c5,p13,l3,4
i19,e03,c5,p35,l3,7
i43,e01,c1,p08,l3,1
i39,e04,c5,p14,l3,11
i38,e06,c4,p19,l3,14
i17,e09,c5,p22,l3,5
i43,e09,c1,p19,l3,4
i13,e08,c5,p05,l3,6
i16,e01,c5,p35,l3,1
i05,e01,c1,unknown,l3,2
i16,e08,c5,p32,l3,3
i32,e11,c5,p19,l3,5
i05,e06,c1,p08,l3,4
i32,e04,c5,p12,l3,2
i23,e03,c5,p12,l3,4
i21,e03,c1,p07,l3,2
i07,e04,c5,p12,l3,2
i67,e01,c5,p19,l3,1
i01,e09,c1,p22,l3,1
i34,e01,c5,p23,l3,2
i39,e09,c5,p12,l3,3
i34,e04,c5,p31,l3,1
i48,e08,c1,p14,l3,1
i38,e11,c1,unknown,l2,1
i42,e02,c3,p13,l3,1
i05,e08,c1,p14,l3,2
i41,e05,c1,p03,l3,1
i01,e08,c1,p24,l3,1
i38,e05,c4,p10,l1,1
i06,e10,c5,p19,l3,103152
i14,e01,c5,p32,l3,3
i06,e11,c5,p02,l2,151
i19,e11,c5,p35,l3,70
i38,e10,c1,p03,l4,4361
i38,e10,c1,p01,l4,3740
i38,e10,c1,p29,l3,6268
i14,e09,c5,p19,l3,87
i39,e04,c5,p19,l3,82
i46,e11,c4,p35,l3,878
i17,e08,c5,p03,l3,37
i38,e08,c1,p21,l2,250
i38,e12,c1,p17,l3,307
i38,e10,c1,p17,l2,85
i38,e06,c1,p07,l3,382
i17,e04,c5,p35,l3,21
i34,e08,c5,p13,l3,4
i38,e09,c1,p07,l2,57
i19,e08,c5,p10,l3,67
i48,e11,c1,p35,l3,14
i38,e10,c4,p02,l3,85
i06,e01,c5,p17,l3,67
i38,e10,c4,p12,l4,20
i06,e10,c5,p05,l1,93
i38,e06,c1,p19,l3,1179
i06,e10,c3,p08,l3,2
i38,e10,c4,p17,l4,58
i06,e11,c5,p31,l2,50
i06,e10,c3,p10,l3,175
i06,e10,c5,p14,l2,113
i38,e11,c1,p25,l2,39
i06,e10,c5,p32,l2,14
i34,e03,c5,p22,l3,58
i06,e10,c3,p23,l4,13
i38,e09,c1,p01,l2,71
i13,e11,c5,p35,l3,11
i38,e11,c4,p19,l2,9
i14,e08,c3,p16,l3,15
i05,e04,c1,p10,l3,22
i38,e10,c1,p12,l1,15
i13,e08,c5,p03,l3,2
i41,e04,c1,p19,l3,12
i38,e01,c1,p30,l3,9
i38,e10,c1,p16,l1,11
i02,e05,c1,p08,l3,3
i41,e08,c1,p02,l3,3
i14,e09,c5,p15,l3,32
i43,e01,c1,p35,l3,13
i14,e09,c5,p24,l3,6
i38,e08,c1,p20,l2,25
i38,e07,c1,p11,l2,5
i41,e01,c1,p24,l3,2
i43,e04,c1,p07,l3,5
i16,e09,c5,p13,l3,2
i41,e09,c1,p15,l3,7
i30,e04,c1,p22,l3,6
i14,e09,c5,p06,l3,4
i38,e09,c4,p19,l2,2
i14,e01,c5,p20,l3,1
i01,e08,c1,p20,l3,7
i34,e01,c5,p13,l3,3
i05,e09,c1,p05,l3,2
i16,e09,c5,p21,l3,6
i06,e07,c5,p15,l2,6
i34,e09,c5,p15,l3,3
i01,e01,c1,p16,l3,2
i05,e03,c1,p03,l3,3
i03,e08,c5,p18,l3,5
i12,e08,c5,p05,l3,5
i14,e12,c5,p09,l3,2
i46,e04,c4,p19,l3,3
i38,e12,c1,p01,l3,5
i17,e08,c5,p06,l3,13
i38,e12,c1,p11,l3,2
i46,e05,c1,p18,l3,1
i05,e07,c1,p04,l3,6
i46,e06,c1,p16,l3,1
i34,e09,c5,p12,l3,4
i14,e09,c5,p29,l3,1
i09,e04,c5,p15,l3,1
i23,e04,c5,p13,l3,1
i42,e05,c3,p24,l3,1
i13,e03,c5,p21,l3,1
i67,e09,c5,p11,l3,1
i46,e01,c4,p01,l3,1
i43,e03,c1,p29,l3,1
i15,e04,c2,p35,l3,2810
i06,e11,c5,p13,l2,270
i14,e11,c5,p19,l3,18
i06,e04,c5,p09,l1,98
i06,e12,c5,p01,l3,361
i38,e06,c1,p05,l3,552
i06,e10,c3,p04,l3,220
i39,e01,c5,p11,l3,19
i06,e09,c5,p24,l2,77
i38,e09,c1,p28,l2,15
i02,e08,c1,p07,l3,549
i12,e04,c5,p03,l3,12
i30,e04,c1,p20,l3,3
i05,e08,c1,p18,l3,17
i16,e09,c5,p12,l3,3
i34,e03,c5,p05,l3,117
i05,e01,c1,p04,l3,15
i21,e12,c1,p11,l3,20
i38,e10,c1,p09,l2,37
i38,e09,c1,p35,l2,3
i06,e05,c5,p07,l1,4
i16,e01,c5,p10,l3,13
i41,e08,c1,p18,l3,4
i02,e08,c4,p04,l3,23
i39,e04,c5,p32,l3,11
i06,e09,c5,p30,l2,1
i41,e07,c1,p15,l3,8
i41,e04,c1,p07,l3,4
i41,e09,c1,p35,l3,8
i16,e08,c5,p26,l3,18
i38,e10,c4,p32,l4,36
i06,e08,c3,p35,l2,44
i25,e04,c5,p14,l3,1
i12,e04,c5,p02,l3,4
i06,e05,c5,p11,l1,2
i27,e01,c5,p21,l3,4
i39,e01,c5,p23,l3,5
i38,e11,c4,p04,l2,3
i27,e04,c5,p05,l3,2
i48,e11,c1,p16,l3,1
i06,e11,c5,p33,l2,1
i34,e04,c5,p13,l3,5
i06,e08,c3,p11,l2,3
i13,e01,c5,p21,l3,1
i23,e03,c5,p03,l3,2
i39,e09,c5,p28,l3,2
i06,e05,c5,p17,l1,2
i05,e03,c1,p24,l3,1
i21,e04,c1,p32,l3,3
i12,e09,c5,p07,l3,1
i17,e09,c5,p17,l3,2
i03,e04,c5,p29,l3,2
i16,e04,c5,p25,l3,1
i38,e11,c4,p08,l2,3
i01,e08,c1,p28,l3,1
i43,e11,c1,p35,l3,1
i16,e08,c5,p14,l3,1
i23,e08,c5,p07,l3,1
i06,e08,c5,p24,l2,1931
i06,e10,c5,p18,l4,2122
i38,e10,c1,p23,l3,3339
i48,e11,c1,p12,l3,3
i02,e04,c1,p03,l3,479
i06,e04,c5,p10,l1,581
i17,e01,c5,p19,l3,36
i17,e04,c5,p01,l3,133
i06,e10,c5,p28,l3,9124
i01,e08,c1,p19,l3,68
i01,e08,c1,p32,l3,1
i17,e01,c5,p16,l3,22
i06,e09,c5,p18,l2,86
i38,e10,c1,p32,l4,538
i06,e10,c5,p26,l4,237
i38,e08,c4,p13,l2,27
i38,e12,c1,p03,l3,7
i13,e08,c5,p02,l3,3
i15,e01,c6,p35,l3,47
i38,e06,c1,p13,l3,1038
i38,e06,c1,p18,l3,225
i06,e10,c3,p09,l3,93
i41,e07,c1,p18,l3,2
i05,e08,c1,p28,l3,2
i17,e11,c5,p25,l3,39
i41,e01,c1,p29,l3,4
i34,e09,c5,p05,l3,6
i17,e11,c5,p17,l3,25
i14,e08,c5,p22,l3,112
i06,e11,c5,p30,l2,16
i05,e06,c1,p32,l3,2
i43,e08,c1,p35,l3,90
i34,e09,c5,p18,l3,8
i34,e08,c5,p15,l3,14
i06,e09,c5,p17,l2,88
i09,e09,c5,p35,l3,9
i17,e08,c5,p02,l3,17
i13,e04,c5,p06,l3,3
i38,e10,c4,p35,l4,22
i34,e01,c5,p08,l3,8
i05,e06,c1,p23,l3,2
i19,e04,c5,p35,l3,7
i06,e10,c5,p31,l1,8
i14,e11,c5,p12,l3,2
i03,e01,c5,p22,l3,7
i34,e04,c5,p06,l3,4
i17,e09,c5,p15,l3,13
i03,e10,c5,p08,l3,3
i14,e12,c5,p14,l3,1
i14,e05,c5,p07,l3,2
i38,e01,c1,unknown,l3,3
i12,e08,c5,p18,l3,2
i05,e03,c1,p14,l3,1
i16,e04,c5,p11,l3,5
i46,e04,c1,p11,l3,1
i06,e10,c3,p22,l3,4
i38,e10,c4,p24,l4,7
i05,e09,c1,p18,l3,1
i23,e08,c5,p02,l3,1
i06,e04,c3,p16,l1,4
i38,e09,c1,unknown,l2,5
i34,e04,c5,p23,l3,3
i17,e08,c5,p28,l3,2
i13,e03,c5,p15,l3,1
i14,e11,c5,p25,l3,1
i07,e12,c5,p04,l3,1
i43,e04,c1,p29,l3,1
i05,e03,c1,p29,l3,1
i22,e02,c5,p07,l3,1
i38,e05,c1,p25,l1,1
i06,e10,c5,p21,l3,48636
i38,e10,c1,p07,l3,12572
i06,e08,c5,p11,l2,2995
i02,e04,c1,p18,l3,58
i06,e12,c5,p11,l3,327
i38,e10,c1,p14,l3,5856
i39,e01,c5,p35,l3,177
i38,e04,c1,p08,l1,33
i06,e12,c5,p25,l3,50
i17,e09,c5,p07,l3,1
i06,e12,c5,p23,l3,87
i01,e01,c1,p21,l3,5
i38,e01,c1,p05,l3,81
i06,e09,c5,p10,l2,243
i12,e04,c5,p07,l3,17
i17,e11,c5,p05,l3,46
i06,e01,c5,p33,l3,7
i38,e10,c4,p11,l3,525
i06,e10,c5,p31,l4,376
i38,e10,c1,p11,l2,101
i30,e09,c1,p07,l3,15
i06,e10,c5,p04,l2,51
i38,e10,c4,p21,l3,237
i38,e10,c1,p18,l2,38
i39,e01,c5,p24,l3,6
i02,e08,c1,p17,l3,318
i38,e11,c1,p09,l2,94
i63,e10,c1,p35,l3,12
i27,e09,c5,p02,l3,1
i34,e08,c5,p01,l3,48
i02,e09,c1,p35,l3,94
i06,e10,c5,p08,l2,21
i02,e04,c1,p20,l3,24
i38,e09,c1,p06,l2,22
i14,e04,c5,p11,l3,21
i38,e12,c1,p07,l3,21
i23,e08,c5,p10,l3,84
i23,e04,c5,p15,l3,3
i05,e12,c1,p17,l3,10
i06,e10,c5,p23,l1,20
i34,e04,c5,p15,l3,9
i122,e05,c5,p35,l3,9
i13,e08,c5,p15,l3,19
i41,e07,c1,p22,l3,10
i14,e12,c5,p15,l3,39
i33,e10,c1,p10,l3,6
i14,e09,c5,p25,l3,5
i16,e08,c5,p03,l3,21
i06,e08,c3,p21,l2,9
i16,e04,c5,p20,l3,4
i18,e08,c1,p35,l3,6
i17,e08,c5,p04,l3,28
i34,e01,c5,p03,l3,5
i38,e11,c4,p32,l2,2
i05,e01,c1,p21,l3,6
i06,e05,c5,p29,l1,2
i41,e07,c1,p04,l3,6
i38,e10,c4,p09,l3,4
i24,e08,c1,p11,l3,9
i14,e01,c5,p18,l3,4
i41,e07,c1,p19,l3,2
i13,e01,c5,p10,l3,2
i23,e04,c5,p07,l3,5
i41,e04,c1,p10,l3,8
i38,e10,c4,p19,l1,1
i32,e11,c5,p07,l3,1
i46,e08,c4,p14,l3,150
i17,e01,c5,p32,l3,8
i19,e10,c5,p35,l2,2
i14,e04,c5,p13,l3,5
i09,e09,c5,p01,l3,5
i43,e04,c1,p35,l3,3
i41,e09,c1,p22,l3,1
i38,e10,c4,p01,l2,2
i23,e09,c5,p12,l3,3
i06,e07,c5,p19,l2,1
i67,e09,c5,p19,l3,3
i01,e09,c1,p17,l3,2
i06,e02,c5,p29,l1,1
i07,e12,c5,p12,l3,1
i44,e09,c3,p35,l3,2
i46,e04,c1,unknown,l3,1
i25,e10,c5,p12,l4,4
i46,e04,c1,p03,l3,1
i38,e11,c1,unknown,l2,1
i16,e01,c5,p13,l3,1
i46,e04,c1,p05,l3,1
i48,e11,c1,p02,l3,1
i38,e12,c1,p25,l3,2
i46,e04,c1,p23,l3,1
i06,e02,c5,p09,l1,1
i38,e11,c4,p29,l2,1
i17,e01,c5,p28,l3,2
i13,e03,c5,p01,l3,1
i03,e09,c5,p10,l3,1
i39,e01,c5,p20,l3,1
i06,e10,c5,p22,l3,15376
i06,e11,c5,p21,l2,476
i14,e01,c5,p19,l3,76
i14,e08,c5,p21,l3,90
i06,e10,c5,p20,l4,430
i14,e04,c5,p25,l3,9
i17,e08,c5,p29,l3,28
i06,e10,c3,p19,l3,162
i06,e10,c5,p01,l4,4167
i06,e04,c5,p29,l1,284
i39,e04,c5,p15,l3,22
i06,e10,c5,p18,l2,254
i14,e04,c5,p16,l3,7
i06,e04,c5,p03,l1,245
i42,e02,c5,p07,l3,1
i38,e10,c1,p20,l4,260
i38,e10,c1,p07,l2,60
i14,e12,c5,p19,l3,349
i38,e10,c1,unknown,l4,14
i06,e10,c5,p15,l2,144
i02,e11,c1,p19,l3,9
i06,e10,c5,p01,l2,73
i38,e04,c1,p05,l1,93
i39,e01,c5,p21,l3,27
i38,e04,c1,p13,l1,351
i38,e04,c1,p21,l1,57
i14,e01,c5,p23,l3,25
i23,e09,c5,p11,l3,1
i01,e04,c1,p19,l3,14
i07,e11,c5,p35,l3,244
i38,e06,c1,p08,l3,82
i46,e11,c1,p25,l3,41
i39,e01,c5,p03,l3,13
i06,e04,c5,p31,l1,10
i38,e11,c1,p31,l2,21
i16,e09,c5,p22,l3,3
i03,e09,c5,p05,l3,6
i14,e01,c5,p28,l3,2
i07,e11,c5,p19,l3,37
i13,e08,c5,p24,l3,71
i17,e09,c5,p29,l3,7
i41,e09,c1,p03,l3,1
i12,e04,c5,p09,l3,5
i19,e04,c5,p10,l3,20
i38,e08,c1,p31,l2,3
i06,e10,c5,p20,l1,16
i02,e05,c1,p35,l3,18
i34,e01,c5,p20,l3,5
i42,e05,c3,p21,l3,3
i41,e01,c1,p03,l3,1
i38,e01,c1,p31,l3,6
i05,e09,c1,p28,l3,9
i39,e01,c5,p08,l3,1
i21,e03,c1,p19,l3,2
i05,e09,c1,unknown,l3,1
i38,e04,c1,p26,l1,14
i02,e09,c1,p32,l3,4
i66,e04,c3,p13,l3,1
i06,e05,c5,p15,l1,2
i34,e04,c5,p24,l3,2
i23,e03,c5,p16,l3,2
i07,e12,c5,p11,l3,1
i23,e01,c5,p12,l3,1
i32,e11,c5,p10,l3,1
i29,e01,c5,p29,l3,1
i38,e07,c1,p25,l2,1
i16,e09,c5,p20,l3,1
i38,e05,c1,p17,l1,1
i46,e09,c1,p11,l3,1
i68,e05,c1,p35,l3,1
i46,e06,c1,p18,l3,1
i14,e08,c3,p11,l3,1
i06,e10,c3,p18,l3,260
i02,e08,c1,p03,l3,1038
i06,e10,c5,p11,l4,3620
i06,e08,c5,p29,l2,1582
i06,e12,c5,p14,l3,162
i06,e08,c5,p01,l2,2563
i06,e10,c5,p35,l3,24141
i38,e10,c1,p11,l3,14449
i06,e12,c5,p21,l3,407
i06,e10,c5,p03,l3,35860
i06,e12,c5,p12,l3,502
i38,e04,c1,p19,l1,219
i38,e08,c1,p02,l2,227
i06,e09,c5,p02,l2,40
i02,e08,c1,p02,l3,156
i38,e10,c1,p02,l3,6616
i17,e08,c5,p24,l3,16
i06,e10,c5,p16,l4,3794
i17,e04,c5,p14,l3,59
i38,e10,c1,p02,l4,1165
i38,e08,c1,p03,l2,335
i34,e03,c5,p11,l3,92
i22,e05,c5,p35,l3,63
i38,e08,c1,p11,l2,161
i39,e04,c3,p02,l3,8
i17,e04,c5,p19,l3,105
i38,e11,c1,p22,l2,51
i02,e01,c1,p24,l3,34
i38,e06,c1,p17,l3,396
i02,e04,c1,p28,l3,32
i02,e01,c1,p13,l3,221
i05,e09,c1,p12,l3,9
i06,e10,c5,p13,l1,39
i39,e01,c5,p19,l3,25
i06,e10,c3,p02,l2,14
i42,e05,c3,p19,l3,19
i42,e05,c5,p35,l3,10
i14,e04,c5,p17,l3,19
i01,e08,c1,p04,l3,9
i16,e04,c5,p10,l3,41
i14,e08,c5,p29,l3,198
i27,e08,c5,p13,l3,47
i39,e01,c5,p13,l3,3
i06,e01,c5,p25,l3,30
i23,e09,c5,p03,l3,1
i01,e04,c1,p11,l3,7
i38,e10,c4,p23,l3,16
i38,e08,c1,p25,l2,27
i42,e05,c5,p27,l3,1
i01,e09,c1,p11,l3,3
i05,e04,c1,p18,l3,5
i46,e11,c4,p15,l3,9
i38,e11,c4,p03,l2,7
i17,e09,c5,p14,l3,4
i14,e02,c5,p16,l3,1
i38,e11,c4,p13,l2,2
i05,e12,c1,p23,l3,6
i05,e09,c4,p19,l3,2
i38,e11,c1,unknown,l2,1
i16,e09,c5,p23,l3,1
i23,e09,c5,p35,l3,1
i34,e04,c5,p12,l3,1
i12,e01,c5,p17,l3,1
i38,e06,c4,p21,l3,13
i05,e07,c1,p18,l3,1
i21,e09,c1,p21,l3,2
i12,e04,c5,p28,l3,3
i14,e08,c3,p03,l3,2
i19,e03,c5,p03,l3,2
i21,e09,c1,p32,l3,2
i48,e11,c1,p11,l3,3
i05,e12,c1,p05,l3,7
i13,e11,c5,p05,l3,2
i03,e01,c5,p14,l3,1
i03,e04,c5,p04,l3,2
i38,e05,c1,p05,l1,1
i05,e08,c1,p09,l3,1
i38,e12,c1,p02,l3,1
unknown,e05,c5,p35,l3,1
i01,e04,c1,p08,l3,1
i12,e09,c5,p01,l3,1
i34,e03,c3,p16,l3,6
i02,e05,c1,p09,l3,3
i05,e04,c1,p08,l3,1
i06,e10,c3,p09,l4,3
i46,e09,c4,p01,l3,1
i41,e04,c1,p01,l3,2
i06,e01,c3,p11,l3,1
i06,e08,c5,p03,l2,2265
i06,e10,c5,p10,l4,10026
i38,e10,c1,p19,l3,39921
i38,e10,c1,p19,l4,7171
i06,e11,c5,p22,l2,131
i38,e10,c1,p11,l4,2923
i38,e11,c1,p03,l2,435
i14,e08,c5,p35,l3,18
i06,e01,c5,p01,l3,157
i17,e04,c5,p13,l3,32
i38,e10,c1,p24,l2,37
i34,e04,c5,p14,l3,4
i38,e01,c1,p03,l3,76
i17,e11,c5,p06,l3,177
i38,e06,c1,p15,l3,408
i06,e10,c5,p15,l1,105
i38,e01,c1,p24,l3,42
i05,e01,c1,p28,l3,7
i06,e10,c5,p29,l2,44
i39,e04,c5,p05,l3,32
i38,e11,c1,p35,l2,28
i38,e11,c1,p08,l2,54
i39,e09,c5,p13,l3,5
i38,e10,c1,p26,l2,4
i06,e01,c5,p23,l3,31
i01,e01,c1,p03,l3,9
i34,e04,c5,p04,l3,13
i02,e08,c4,p17,l3,2
i41,e09,c1,p11,l3,12
i12,e08,c5,p11,l3,5
i38,e10,c1,unknown,l4,9
i39,e09,c5,p19,l3,21
i01,e05,c1,p35,l3,2
i39,e09,c5,p24,l3,7
i03,e01,c5,p04,l3,2
i38,e10,c1,p33,l3,8
i05,e09,c1,p01,l3,6
i46,e08,c1,p04,l3,11
i41,e04,c1,p12,l3,6
i43,e12,c1,p10,l3,29
i05,e08,c1,p29,l3,4
i23,e03,c5,p15,l3,5
i33,e03,c1,p05,l3,3
i30,e09,c1,p22,l3,2
i41,e04,c1,p04,l3,2
i47,e01,c4,p35,l3,4
i05,e09,c1,p03,l3,3
i16,e09,c5,p15,l3,2
i38,e10,c1,p22,l1,3
i05,e12,c1,p32,l3,9
i39,e01,c3,p25,l3,4
i01,e04,c1,p21,l3,7
i38,e10,c4,p23,l4,1
i23,e04,c5,p35,l3,2
i22,e02,c5,p06,l3,1
i23,e09,c5,p13,l3,3
i14,e11,c5,p06,l3,1
i05,e09,c1,p15,l3,3
i06,e02,c5,p14,l1,1
i13,e04,c5,p12,l3,2
i13,e04,c5,p04,l3,2
i38,e01,c1,unknown,l3,1
i34,e05,c5,p11,l3,1
i05,e07,c1,p05,l3,1
i14,e11,c5,p29,l3,1
i14,e09,c5,p04,l3,2
i38,e10,c1,p10,l3,81530
i38,e10,c1,p10,l4,12540
i06,e10,c5,p02,l3,17370
i06,e08,c5,p20,l2,320
i06,e10,c3,p28,l3,60
i38,e10,c1,p04,l3,6560
i06,e12,c5,p06,l3,174
i06,e01,c5,p18,l3,97
i01,e11,c1,p10,l3,3
i36,e08,c5,p35,l3,39
i17,e08,c5,p05,l3,36
i02,e08,c4,p07,l3,25
i02,e09,c1,p21,l3,168
i23,e03,c5,p05,l3,1
i13,e08,c5,p11,l3,20
i06,e10,c3,p24,l3,35
i06,e10,c5,p10,l1,159
i06,e10,c5,p11,l2,115
i38,e06,c1,p02,l3,273
i34,e09,c5,p10,l3,22
i06,e09,c5,p16,l2,77
i38,e06,c1,p06,l3,142
i38,e04,c4,p24,l1,9
i46,e11,c4,p25,l3,35
i05,e01,c1,p09,l3,2
i05,e04,c1,p19,l3,30
i38,e01,c1,p29,l3,22
i23,e04,c5,p19,l3,5
i12,e04,c5,p19,l3,18
i13,e11,c5,p07,l3,4
i07,e12,c5,p21,l3,8
i02,e08,c1,p28,l3,107
i01,e01,c1,p14,l3,7
i18,e12,c1,p35,l3,4
i34,e09,c5,p09,l3,7
i38,e01,c1,p09,l3,11
i01,e11,c1,p19,l3,2
i38,e12,c1,p04,l3,4
i30,e01,c1,p05,l3,18
i17,e11,c5,p23,l3,136
i21,e01,c1,p10,l3,13
i06,e10,c5,p06,l2,38
i05,e09,c1,p07,l3,5
i05,e09,c1,p24,l3,4
i03,e04,c5,p18,l3,9
i30,e09,c1,p10,l3,29
i61,e11,c1,p35,l3,33
i05,e08,c1,p13,l3,19
i14,e04,c3,p22,l3,5
i17,e08,c5,p20,l3,12
i06,e11,c3,p01,l2,4
i06,e10,c3,p02,l1,1
i01,e01,c1,p11,l3,7
i39,e01,c5,p29,l3,4
i31,e04,c1,p35,l3,7
i38,e07,c1,p13,l2,6
i38,e11,c1,p32,l2,29
i30,e04,c1,p09,l3,3
i12,e08,c5,p16,l3,5
i38,e01,c1,p04,l3,16
i23,e04,c5,p11,l3,6
i14,e13,c5,p24,l3,2
i23,e01,c5,p04,l3,1
i13,e12,c5,p18,l3,2
i30,e01,c1,p22,l3,2
i07,e08,c5,p10,l3,1
i30,e09,c1,p13,l3,9
i14,e05,c5,p16,l3,2
i06,e02,c5,p21,l1,2
i39,e01,c5,p09,l3,5
i06,e05,c3,p28,l1,2
i05,e04,c1,p28,l3,6
i01,e01,c1,p28,l3,1
i06,e01,c5,p31,l3,6
i67,e04,c5,p21,l3,1
i27,e01,c5,p20,l3,1
i27,e01,c5,p22,l3,1
i21,e04,c1,p15,l3,1
i41,e09,c1,p17,l3,1
i27,e09,c5,p05,l3,1
i06,e10,c5,p32,l3,7175
i39,e04,c5,p16,l3,32
i06,e10,c5,p19,l4,8108
i38,e10,c1,p05,l4,2135
i38,e10,c1,p17,l4,2245
i06,e12,c5,p16,l3,470
i02,e01,c1,p06,l3,92
i39,e04,c5,p28,l3,19
i06,e01,c5,p16,l3,103
i38,e08,c1,p19,l2,595
i14,e08,c5,p26,l3,17
i06,e12,c5,p05,l3,301
i16,e08,c5,p04,l3,3
i06,e01,c5,p06,l3,70
i38,e10,c1,p10,l1,131
i46,e11,c1,p22,l3,154
i38,e04,c1,p24,l1,49
i07,e12,c5,p17,l3,12
i17,e11,c5,p01,l3,171
i02,e04,c1,p24,l3,76
i06,e10,c3,p14,l3,157
i30,e01,c1,p21,l3,9
i46,e08,c1,p24,l3,6
i30,e04,c1,p11,l3,33
i22,e05,c5,p09,l3,15
i66,e04,c3,p16,l3,6
i03,e08,c5,p22,l3,14
i17,e01,c5,p18,l3,5
i17,e08,c5,p15,l3,29
i12,e08,c5,p07,l3,11
i01,e08,c1,p12,l3,7
i14,e01,c5,p24,l3,3
i43,e09,c1,p21,l3,2
i17,e04,c5,p24,l3,22
i05,e03,c1,p07,l3,2
i22,e05,c5,p03,l3,8
i06,e05,c5,p19,l1,2
i05,e07,c1,p15,l3,10
i03,e01,c5,p24,l3,1
i14,e02,c5,p01,l3,1
i38,e10,c4,p07,l1,2
i16,e04,c5,p06,l3,1
i46,e08,c1,p03,l3,4
i03,e04,c5,p07,l3,1
i34,e01,c5,p32,l3,2
i48,e11,c1,p19,l3,9
i06,e07,c5,p31,l2,2
i42,e02,c5,p05,l3,1
i17,e04,c3,p19,l3,1
i46,e01,c1,p21,l3,3
i41,e01,c1,p11,l3,3
i30,e01,c1,p29,l3,3
i19,e09,c5,p10,l3,2
i54,e01,c1,p35,l3,1
i12,e04,c5,p25,l3,1
i42,e05,c3,p17,l3,5
i06,e07,c5,p06,l2,1
i34,e08,c5,p20,l3,1
i38,e10,c1,p03,l3,20969
i38,e10,c1,p19,l2,230
i06,e09,c5,p22,l2,49
i30,e01,c1,p13,l3,14
i38,e06,c1,p35,l3,51
i41,e07,c1,p10,l3,43
i06,e04,c5,p17,l1,193
i28,e08,c1,p35,l3,31532
i06,e08,c5,p17,l2,2091
i02,e01,c1,p01,l3,190
i38,e11,c1,p13,l2,254
i14,e04,c5,p01,l3,32
i34,e03,c5,p19,l3,246
i06,e01,c5,p19,l3,585
i38,e10,c4,p05,l1,2
i02,e08,c1,p05,l3,286
i06,e04,c5,p05,l1,541
i17,e11,c5,p28,l3,10
i38,e08,c1,p05,l2,362
i38,e06,c4,p11,l3,28
i06,e07,c5,p05,l2,3
i38,e09,c1,p29,l2,35
i23,e13,c5,p04,l3,4
i03,e08,c5,p05,l3,18
i16,e01,c5,p03,l3,9
i19,e01,c5,p35,l3,29
i14,e12,c5,p05,l3,18
i06,e10,c3,p14,l4,4
i41,e11,c1,p35,l3,9
i38,e09,c1,p04,l2,8
i02,e01,c1,p02,l3,89
i06,e10,c3,p04,l4,3
i17,e01,c5,p05,l3,13
i27,e01,c5,p02,l3,1
i18,e09,c1,p35,l3,34
i34,e08,c5,p05,l3,10
i29,e04,c5,p29,l3,2
i17,e04,c5,p08,l3,20
i16,e04,c5,p21,l3,8
i06,e07,c5,p03,l2,3
i34,e01,c5,p21,l3,13
i05,e08,c1,p16,l3,1
i06,e08,c3,p13,l2,8
i06,e07,c5,p11,l2,4
i16,e04,c5,p13,l3,4
i06,e07,c5,p07,l2,3
i34,e01,c5,p12,l3,7
i06,e09,c3,p10,l2,6
i63,e10,c1,p10,l1,1
i06,e05,c5,p05,l1,2
i38,e11,c4,p12,l2,2
i14,e11,c5,p15,l3,3
i38,e04,c4,p35,l1,1
i23,e09,c5,p02,l3,1
i17,e09,c5,p12,l3,12
i67,e04,c5,p04,l3,2
i05,e07,c1,p01,l3,2
i05,e07,c1,p03,l3,1
i19,e11,c5,p03,l3,1
i27,e04,c5,p04,l3,1
i05,e06,c1,p06,l3,2
i14,e08,c3,p21,l3,1
i46,e01,c1,p05,l3,1
i17,e04,c5,p31,l3,1
i14,e01,c5,p13,l3,2
i07,e09,c5,p13,l3,1
i13,e10,c5,p10,l3,1
i19,e10,c5,p10,l4,37
i14,e08,c5,p19,l3,315
i38,e06,c1,p04,l3,202
i38,e10,c4,p12,l3,52
i38,e10,c1,p16,l2,36
i34,e03,c5,p17,l3,78
i02,e08,c1,p14,l3,726
i06,e10,c5,p19,l2,193
i01,e08,c1,p35,l3,628
i06,e12,c5,p13,l3,345
i38,e06,c4,p04,l3,13
i34,e03,c5,p10,l3,513
i02,e01,c1,p20,l3,15
i38,e06,c1,p23,l3,161
i38,e11,c1,p24,l2,138
i34,e03,c5,p21,l3,102
i14,e08,c5,p11,l3,225
i39,e04,c5,p26,l3,15
i43,e09,c1,p10,l3,5
i63,e10,c1,p35,l2,37
i02,e08,c1,p09,l3,119
i06,e10,c5,p12,l2,40
i38,e08,c1,p06,l2,105
i05,e09,c1,p13,l3,19
i06,e09,c5,p32,l2,31
i38,e10,c4,p04,l4,38
i14,e01,c5,p29,l3,3
i34,e09,c5,p07,l3,8
i43,e01,c1,p01,l3,7
i16,e08,c5,p12,l3,18
i01,e08,c1,p31,l3,1
i06,e12,c5,p26,l3,15
i48,e04,c1,p35,l3,1
i23,e04,c5,p10,l3,23
i16,e09,c5,p07,l3,3
i38,e10,c4,p35,l3,4
i27,e04,c5,p29,l3,7
i12,e04,c5,p05,l3,13
i23,e04,c5,p29,l3,4
i05,e01,c1,p17,l3,3
i38,e11,c4,p11,l2,5
i38,e12,c1,p15,l3,10
i16,e09,c5,p16,l3,7
i05,e08,c1,p01,l3,15
i06,e08,c5,p30,l2,9
i39,e04,c5,p12,l3,12
i05,e07,c1,p29,l3,1
i41,e09,c1,p21,l3,5
i12,e01,c5,p28,l3,1
i06,e10,c3,p08,l4,4
i43,e09,c1,p13,l3,1
i34,e01,c5,p25,l3,12
i03,e04,c5,p10,l3,4
i43,e04,c1,p15,l3,4
i25,e10,c5,p24,l4,3
i43,e01,c1,p20,l3,3
i48,e08,c1,p10,l3,1
i12,e08,c5,p24,l3,1
i06,e07,c5,p04,l2,1
i46,e09,c4,p35,l3,6
i06,e07,c5,p29,l2,2
i42,e05,c5,p11,l3,2
i02,e06,c1,p35,l3,1
i30,e04,c1,p12,l3,2
i73,e01,c3,p35,l3,1
i05,e04,c1,p17,l3,1
i16,e01,c5,p02,l3,1
i65,e01,c3,p10,l3,1
i32,e09,c5,p15,l3,1
i38,e07,c1,p02,l2,1
i05,e03,c1,p09,l3,1
i06,e08,c5,p28,l2,957
i38,e08,c1,p10,l2,1116
i22,e02,c5,p35,l3,5
i12,e08,c5,p19,l3,6
i38,e10,c1,p31,l4,166
i38,e10,c1,p30,l3,598
i38,e06,c1,p03,l3,642
i38,e06,c4,p18,l3,15
i17,e11,c5,p18,l3,75
i06,e09,c5,p06,l2,75
i34,e03,c5,p12,l3,59
i38,e09,c1,p02,l2,25
i05,e12,c1,p35,l3,142
i06,e01,c5,p24,l3,111
i38,e01,c4,p10,l3,2
i17,e08,c5,p12,l3,52
i06,e01,c5,p03,l3,133
i38,e09,c1,p17,l2,29
i38,e09,c1,p21,l2,73
i14,e12,c5,p03,l3,515
i05,e09,c1,p14,l3,11
i42,e05,c5,p07,l3,1
i05,e07,c1,p10,l3,21
i06,e05,c5,p04,l1,2
i42,e05,c5,p16,l3,4
i12,e09,c5,p28,l3,2
i34,e04,c5,p10,l3,62
i14,e01,c5,p03,l3,7
i38,e08,c1,p24,l2,71
i38,e10,c1,p06,l2,14
i06,e10,c3,p03,l4,10
i30,e01,c1,p09,l3,5
i05,e12,c1,p04,l3,6
i14,e08,c5,p04,l3,58
i63,e11,c1,p10,l3,5
i16,e08,c5,p15,l3,37
i14,e08,c5,p18,l3,12
i46,e11,c1,p17,l3,1
i39,e04,c5,p03,l3,7
i01,e09,c1,p05,l3,6
i05,e06,c1,p02,l3,3
i22,e05,c5,p10,l3,3
i38,e10,c1,unknown,l3,10
i23,e03,c5,p07,l3,5
i34,e09,c5,p16,l3,7
i48,e08,c1,p03,l3,9
i34,e09,c5,p35,l3,30
i66,e04,c3,p25,l3,3
i46,e08,c4,p03,l3,312
i33,e03,c1,p08,l3,1
i39,e01,c5,p28,l3,3
i14,e05,c5,p19,l3,5
i34,e01,c5,p16,l3,12
i14,e11,c5,p14,l3,1
i06,e05,c5,p01,l1,3
i05,e04,c1,p04,l3,8
i33,e03,c1,p11,l3,3
i38,e05,c1,p22,l1,1
i16,e09,c5,p24,l3,6
i12,e08,c5,p28,l3,4
i03,e09,c5,p04,l3,1
i21,e04,c1,p21,l3,3
i06,e10,c5,p26,l1,3
i05,e11,c1,p17,l3,2
i05,e06,c1,p20,l3,2
i41,e07,c1,p17,l3,1
i03,e10,c5,p04,l3,2
i12,e04,c5,p08,l3,2
i16,e04,c5,p17,l3,2
i112,e05,c5,p01,l3,2
i46,e01,c4,p19,l3,3
i05,e07,c1,p21,l3,2
i09,e04,c5,p14,l3,2
i38,e10,c1,p20,l1,3
i02,e09,c4,p07,l3,2
i14,e11,c5,p17,l3,1
i34,e01,c5,p24,l3,1
i05,e05,c1,p21,l3,1
i13,e04,c5,p11,l3,1
i12,e09,c3,p10,l3,1
i01,e09,c1,p12,l3,1
i17,e04,c5,p22,l3,28
i06,e12,c5,p19,l3,1111
i06,e10,c5,p25,l3,9258
i06,e10,c5,p08,l3,11605
i17,e08,c5,p16,l3,52
i06,e10,c5,p04,l3,24283
i17,e08,c5,p21,l3,78
i38,e11,c1,p19,l2,790
i06,e10,c5,p06,l4,2000
i38,e08,c1,p32,l2,46
i17,e09,c5,p10,l3,52
i38,e10,c4,p01,l3,287
i32,e08,c5,p35,l3,33
i06,e10,c3,p15,l3,306
i02,e09,c1,p11,l3,278
i38,e06,c4,p05,l3,15
i01,e08,c1,p10,l3,141
i38,e06,c1,p30,l3,53
i19,e10,c5,p03,l3,3
i05,e06,c1,p01,l3,8
i38,e12,c1,p16,l3,412
i38,e12,c1,p08,l3,6
i34,e04,c5,p09,l3,23
i06,e10,c3,p06,l3,27
i05,e08,c1,p04,l3,15
i05,e04,c1,p01,l3,2
i06,e10,c3,p21,l4,35
i06,e10,c5,p26,l2,10
i61,e04,c1,p35,l3,4
i13,e03,c5,p10,l3,5
i38,e08,c4,p15,l2,7
i17,e08,c5,p17,l3,55
i17,e04,c5,p05,l3,40
i13,e08,c5,p16,l3,14
i05,e03,c1,p21,l3,1
i33,e03,c1,p10,l3,11
i03,e04,c5,p24,l3,4
i01,e08,c1,p01,l3,12
i46,e01,c1,unknown,l3,16
i14,e11,c5,p13,l3,1
i12,e01,c5,p19,l3,8
i46,e08,c4,p10,l3,306
i14,e01,c5,p10,l3,5
i38,e07,c4,p03,l2,4
i38,e12,c1,p18,l3,2
i34,e09,c5,p22,l3,2
i03,e09,c5,p21,l3,11
i23,e04,c5,p02,l3,6
i13,e11,c5,p13,l3,1
i41,e08,c1,p17,l3,1
i17,e09,c5,p24,l3,8
i41,e04,c1,p18,l3,1
i13,e08,c5,p13,l3,6
i17,e08,c5,p26,l3,4
i28,e09,c1,p35,l3,4
i12,e08,c5,p25,l3,1
i05,e09,c1,p11,l3,2
i14,e12,c5,p29,l3,1
i30,e09,c1,p08,l3,4
i39,e04,c5,p31,l3,1
i14,e01,c3,p22,l3,1
i25,e08,c5,p10,l3,1
i06,e02,c5,p10,l1,1
i05,e07,c1,p11,l3,4
i30,e01,c1,p15,l3,1
i42,e05,c5,p12,l3,1
i05,e12,c1,p26,l3,1
i06,e12,c5,p29,l3,154
i23,e03,c5,p09,l3,5
i06,e12,c5,p35,l3,481
i06,e01,c5,p15,l3,146
i17,e08,c5,p19,l3,59
i17,e01,c5,p01,l3,24
i06,e08,c5,p26,l2,65
i38,e10,c1,p14,l2,53
i38,e06,c1,p09,l3,225
i38,e01,c1,p21,l3,69
i06,e10,c5,p21,l2,182
i38,e04,c1,p09,l1,14
i38,e10,c4,p14,l3,105
i25,e10,c5,p10,l4,17
i06,e04,c5,p23,l1,102
i17,e01,c5,p25,l3,7
i06,e11,c5,p24,l2,341
i06,e12,c5,p04,l3,162
i02,e09,c1,p24,l3,66
i24,e06,c1,p06,l3,34
i17,e11,c5,p13,l3,26
i42,e05,c3,p05,l3,25
i03,e09,c5,p17,l3,1
i14,e04,c5,p19,l3,109
i06,e10,c5,p25,l2,65
i06,e09,c5,p23,l2,51
i30,e04,c1,p10,l3,34
i23,e01,c5,p01,l3,16
i17,e11,c5,p11,l3,28
i06,e10,c3,p35,l4,8
i38,e10,c4,p08,l3,86
i17,e11,c5,p29,l3,37
i38,e10,c4,p03,l4,51
i14,e04,c5,p02,l3,59
i14,e09,c5,p05,l3,8
i38,e01,c4,p25,l3,1
i12,e08,c5,p13,l3,26
i06,e12,c3,p14,l3,1
i46,e01,c1,p04,l3,2
i30,e09,c1,p29,l3,7
i01,e09,c1,p13,l3,8
i05,e07,c1,p13,l3,2
i34,e03,c5,p28,l3,5
i25,e04,c5,p01,l3,1
i30,e04,c1,p13,l3,4
i30,e04,c1,p24,l3,7
i06,e02,c5,p12,l1,1
i17,e08,c5,p35,l3,24
i46,e09,c1,unknown,l3,3
i46,e01,c1,p07,l3,2
i16,e01,c5,p01,l3,6
i23,e09,c5,p07,l3,1
i27,e01,c5,p14,l3,2
i34,e01,c5,p17,l3,6
i06,e10,c3,p20,l4,6
i41,e07,c1,p24,l3,8
i16,e01,c5,p07,l3,3
i06,e11,c3,p19,l2,6
i46,e01,c1,p16,l3,3
i48,e11,c1,p15,l3,4
i38,e07,c1,p01,l2,3
i23,e08,c5,p29,l3,9
i30,e09,c1,p05,l3,3
i09,e04,c5,p23,l3,1
i32,e01,c5,p35,l3,1
i25,e08,c5,p14,l3,1
i66,e04,c3,p15,l3,1
i16,e01,c5,p17,l3,1
i20,e05,c5,p15,l3,1
i05,e08,c1,p08,l3,1
i42,e05,c5,p08,l3,1
i29,e04,c5,p01,l3,3
i38,e11,c4,p23,l2,1
i16,e04,c5,p29,l3,1
i12,e01,c5,p15,l3,1
i38,e05,c1,p28,l1,1
i05,e01,c1,p22,l3,1
i16,e01,c5,p11,l3,2
i38,e11,c1,unknown,l2,1
i61,e09,c1,p35,l3,2
i10,e05,c3,p35,l3,1
i06,e09,c3,p02,l2,1
i06,e10,c5,p12,l3,38081
i38,e10,c4,p15,l3,242
i38,e10,c1,p12,l4,1971
i38,e10,c1,p25,l2,4
i06,e10,c5,p17,l4,2941
i38,e10,c1,p22,l3,3455
i38,e01,c1,p29,l3,25
i38,e10,c1,p06,l1,9
i06,e09,c5,p07,l2,113
i38,e10,c1,p25,l1,2
i14,e08,c5,p07,l3,192
i02,e08,c1,p10,l3,1697
i38,e10,c1,p21,l2,88
i38,e10,c4,p19,l4,119
i39,e01,c5,p01,l3,19
i02,e09,c1,p03,l3,195
i39,e04,c5,p35,l3,449
i01,e09,c1,p32,l3,2
i38,e11,c1,p21,l2,239
i02,e01,c1,p04,l3,80
i14,e08,c5,p20,l3,55
i01,e01,c1,p19,l3,8
i02,e04,c1,p07,l3,112
i38,e11,c1,p23,l2,58
i23,e13,c5,p18,l3,6
i16,e09,c5,p01,l3,4
i06,e09,c5,p01,l2,92
i41,e11,c1,p20,l3,1
i34,e03,c5,p18,l3,91
i06,e12,c5,p07,l3,204
i38,e09,c4,p05,l2,2
i41,e04,c1,p35,l3,21
i03,e04,c5,p16,l3,5
i43,e08,c1,p10,l3,1
i05,e01,c1,p12,l3,10
i38,e08,c1,p23,l2,50
i38,e01,c1,p08,l3,11
i06,e09,c5,p08,l2,46
i17,e11,c5,p07,l3,13
i01,e08,c1,p18,l3,22
i14,e04,c5,p29,l3,19
i02,e09,c1,p20,l3,17
i14,e01,c5,p15,l3,21
i34,e08,c5,p06,l3,2
i38,e10,c1,p32,l1,5
i14,e08,c5,p02,l3,58
i46,e11,c1,p21,l3,37
i38,e10,c4,p05,l2,2
i41,e04,c1,p29,l3,6
i38,e06,c1,p26,l3,23
i14,e01,c5,p26,l3,5
i14,e01,c5,p05,l3,8
i39,e09,c5,p16,l3,11
i38,e09,c4,p21,l2,1
i38,e12,c4,p03,l3,2
i14,e04,c5,p07,l3,10
i19,e01,c5,p10,l3,2
i41,e01,c1,p16,l3,5
i38,e07,c1,p15,l2,8
i43,e09,c1,p29,l3,2
i01,e04,c1,p22,l3,7
i17,e09,c5,p06,l3,4
i05,e01,c1,p24,l3,10
i34,e04,c5,p29,l3,4
i39,e01,c5,p12,l3,4
i43,e09,c1,p35,l3,2
i34,e09,c5,p06,l3,4
i06,e10,c3,p10,l1,2
i13,e01,c5,p23,l3,14
i42,e02,c5,p10,l3,1
i96,e04,c5,p18,l3,3
i34,e08,c5,p14,l3,8
i14,e09,c5,p03,l3,13
i06,e08,c3,p05,l2,1
i42,e05,c5,p22,l3,3
i06,e04,c5,p33,l1,1
i38,e10,c1,p34,l4,8
i41,e04,c1,p32,l3,1
i38,e11,c4,p22,l2,1
i43,e03,c1,p01,l3,3
i38,e10,c4,p10,l1,4
i23,e09,c5,p14,l3,1
i05,e07,c1,p28,l3,1
i05,e08,c1,p07,l3,4
i01,e08,c1,p05,l3,4
i46,e06,c1,p15,l3,1
i41,e01,c1,p20,l3,1
i38,e10,c4,p32,l1,1
i48,e11,c1,p14,l3,1
i03,e04,c5,p22,l3,2
i42,e05,c3,p07,l3,1
i32,e01,c5,p21,l3,1
i01,e04,c1,p32,l3,1
i16,e04,c5,p23,l3,1
i05,e01,c1,p03,l3,1
i46,e04,c1,p10,l3,1
i57,e12,c8,p10,l3,1
i38,e05,c1,p09,l1,1
i39,e05,c5,p22,l3,1
i38,e05,c1,p04,l1,1
i38,e10,c1,p18,l3,6746
i38,e10,c4,p11,l4,63
i38,e10,c1,p10,l2,2153
i38,e10,c1,p08,l4,638
i06,e01,c5,p13,l3,68
i38,e10,c1,p13,l2,266
i06,e10,c5,p02,l2,35
i01,e04,c1,p35,l3,56
i38,e07,c1,p17,l2,4
i31,e08,c1,p35,l3,265
i38,e01,c1,p18,l3,11
i21,e04,c1,p13,l3,8
i06,e04,c5,p19,l1,755
i06,e11,c5,p25,l2,116
i17,e01,c5,p15,l3,15
i06,e11,c5,p19,l2,938
i38,e08,c1,p18,l2,108
i06,e10,c5,p17,l1,59
i05,e08,c1,p24,l3,28
i14,e04,c5,p24,l3,25
i46,e01,c4,p35,l3,8
i34,e04,c5,p19,l3,84
i07,e04,c5,p35,l3,45
i30,e09,c1,p21,l3,19
i39,e01,c5,p26,l3,5
i05,e06,c1,p11,l3,8
i38,e08,c1,p22,l2,70
i41,e08,c1,p19,l3,8
i38,e12,c1,p06,l3,137
i16,e08,c5,p20,l3,7
i02,e09,c1,p06,l3,42
i13,e11,c5,p29,l3,8
i34,e08,c5,p09,l3,38
i14,e08,c5,p16,l3,102
i05,e12,c1,p13,l3,12
i34,e04,c5,p22,l3,24
i06,e12,c5,p28,l3,30
i23,e09,c5,p15,l3,5
i17,e01,c5,p26,l3,7
i17,e08,c5,p14,l3,42
i01,e11,c1,p35,l3,24
i13,e04,c5,p23,l3,18
i12,e12,c5,p21,l3,1
i05,e08,c1,p19,l3,23
i12,e04,c5,p14,l3,1
i06,e10,c5,p33,l4,11
i39,e09,c5,p17,l3,9
i03,e09,c5,p12,l3,3
i38,e10,c1,p30,l2,2
i07,e12,c5,p22,l3,5
i38,e10,c1,p02,l1,8
i05,e04,c1,p11,l3,8
i41,e08,c1,p25,l3,1
i05,e01,c1,p29,l3,6
i41,e09,c1,p19,l3,9
i05,e01,c1,p16,l3,6
i05,e06,c1,p31,l3,1
i41,e07,c1,p32,l3,6
i30,e04,c1,p02,l3,1
i41,e07,c1,p07,l3,7
i29,e09,c5,p04,l3,1
i27,e08,c5,p05,l3,1
i29,e09,c5,p35,l3,8
i46,e11,c4,p19,l3,9
i44,e04,c3,p35,l3,4
i07,e01,c5,p21,l3,2
i34,e09,c5,p02,l3,3
i17,e11,c5,p33,l3,2
i13,e11,c5,p15,l3,7
i05,e09,c1,p29,l3,8
i14,e09,c5,p16,l3,2
i13,e11,c5,p25,l3,3
i38,e04,c4,p10,l1,2
i41,e07,c1,p02,l3,1
i43,e04,c1,p09,l3,1
i23,e01,c5,p35,l3,1
i14,e12,c3,p20,l3,2
i95,e01,c5,p35,l3,1
i14,e09,c5,p26,l3,1
i66,e04,c3,p23,l3,1
i01,e11,c1,p12,l3,2
i16,e09,c5,p11,l3,2
i06,e10,c5,p03,l2,162
i06,e10,c5,p29,l4,1812
i63,e10,c1,p10,l2,282
i17,e11,c5,p10,l3,977
i02,e04,c1,p11,l3,392
i06,e05,c5,p10,l1,10
i06,e10,c5,p02,l1,20
i17,e04,c5,p16,l3,34
i38,e10,c1,p01,l1,25
i38,e11,c1,p02,l2,127
i06,e12,c5,p15,l3,565
i05,e08,c1,p10,l3,21
i06,e04,c5,p21,l1,357
i34,e03,c5,p03,l3,98
i06,e08,c5,p25,l2,894
i34,e09,c5,p29,l3,5
i39,e04,c5,p29,l3,29
i38,e08,c1,p07,l2,142
i46,e11,c1,p13,l3,378
i06,e10,c3,p19,l4,20
i06,e11,c5,p32,l2,124
i17,e01,c5,p03,l3,14
i12,e04,c5,p32,l3,3
i38,e08,c1,p29,l2,92
i38,e04,c1,p12,l1,70
i34,e08,c5,p02,l3,44
i41,e01,c1,p09,l3,4
i06,e10,c3,p13,l4,9
i14,e08,c5,p23,l3,43
i43,e01,c1,p19,l3,14
i30,e01,c1,p12,l3,4
i14,e08,c5,p24,l3,98
i16,e01,c5,p15,l3,5
i34,e08,c5,p17,l3,4
i24,e08,c1,p32,l3,22
i46,e01,c1,p19,l3,5
i16,e01,c5,p24,l3,3
i39,e04,c5,p13,l3,17
i43,e07,c1,p01,l3,7
i07,e08,c5,p17,l3,31
i34,e08,c5,p22,l3,10
i46,e04,c1,p19,l3,7
i01,e11,c4,p35,l3,2
i22,e05,c5,p15,l3,2
i38,e04,c1,p30,l1,11
i12,e09,c5,p03,l3,3
i05,e12,c1,p14,l3,2
i16,e04,c5,p05,l3,4
i34,e03,c5,p32,l3,9
i39,e04,c5,p09,l3,3
i22,e02,c5,p32,l3,1
i12,e09,c5,p05,l3,4
i41,e01,c1,p25,l3,2
i17,e11,c5,p09,l3,2
i39,e04,c5,p23,l3,3
i17,e09,c5,p08,l3,1
i06,e02,c5,p25,l1,1
i42,e02,c5,p24,l3,1
i41,e01,c1,p18,l3,1
i02,e05,c1,p12,l3,1
i21,e01,c1,p16,l3,2
i12,e01,c5,p05,l3,1
i17,e11,c5,p26,l3,3
i34,e09,c5,p20,l3,2
i06,e08,c5,p07,l2,2991
i06,e10,c5,p06,l3,24379
i06,e11,c5,p10,l2,1367
i06,e11,c5,p04,l2,218
i02,e09,c1,p10,l3,414
i06,e08,c5,p12,l2,1920
i17,e04,c5,p21,l3,114
i06,e10,c5,p04,l4,2029
i12,e01,c5,p21,l3,2
i38,e08,c4,p18,l2,37
i06,e10,c5,p07,l4,3158
i06,e10,c5,p23,l4,1278
i38,e01,c1,p15,l3,68
i06,e04,c5,p04,l1,219
i02,e01,c1,p21,l3,185
i38,e10,c4,p07,l4,32
i06,e10,c5,p07,l2,58
i02,e09,c1,p25,l3,11
i34,e03,c5,p13,l3,57
i42,e05,c3,p11,l3,33
i06,e09,c5,p12,l2,80
i06,e10,c5,p23,l2,56
i17,e08,c5,p08,l3,19
i38,e06,c1,p29,l3,155
i22,e05,c5,p12,l3,29
i02,e08,c1,p20,l3,544
i05,e07,c1,p32,l3,2
i17,e04,c5,p28,l3,4
i30,e09,c1,p02,l3,8
i38,e10,c4,p04,l3,83
i38,e09,c1,p05,l2,62
i38,e10,c1,p28,l1,3
i06,e10,c3,p23,l3,46
i41,e08,c1,p01,l3,5
i34,e09,c5,p21,l3,16
i23,e04,c5,p12,l3,7
i17,e08,c5,p13,l3,48
i38,e10,c1,unknown,l3,6
i39,e09,c5,p26,l3,1
i03,e09,c5,p24,l3,2
i30,e04,c1,p08,l3,4
i46,e11,c1,p04,l3,20
i01,e11,c1,p07,l3,4
i38,e06,c4,p12,l3,14
i17,e09,c5,p16,l3,15
i33,e08,c1,p11,l3,4
i17,e09,c5,p01,l3,18
i38,e10,c1,unknown,l4,6
i17,e01,c5,p11,l3,44
i63,e08,c1,p10,l3,382
i42,e05,c5,p15,l3,9
i17,e09,c5,p05,l3,5
i06,e08,c3,p10,l2,13
i17,e04,c5,p09,l3,16
i14,e08,c3,p35,l3,1
i14,e09,c5,p01,l3,3
i29,e01,c5,p35,l3,7
i38,e08,c4,p07,l2,16
i17,e01,c5,p14,l3,10
i33,e09,c1,p09,l3,4
i41,e09,c1,p07,l3,10
i13,e11,c5,p21,l3,7
i43,e04,c1,p17,l3,1
i17,e09,c5,p25,l3,3
i06,e10,c3,p16,l4,5
i23,e09,c5,p09,l3,3
i59,e08,c5,p01,l3,4
i17,e01,c5,p24,l3,5
i16,e04,c5,p26,l3,3
i14,e13,c5,p13,l3,1
i74,e04,c5,p11,l3,4
i03,e01,c5,p18,l3,1
i21,e12,c1,p05,l3,1
i38,e10,c4,p11,l1,1
i38,e07,c1,p14,l2,1
i07,e09,c5,p12,l3,1
i23,e04,c5,p09,l3,2
i13,e11,c5,p12,l3,2
i41,e07,c1,p11,l3,2
i46,e08,c1,p02,l3,2
i06,e05,c5,p16,l1,1
i43,e01,c1,p15,l3,1
i12,e01,c5,p07,l3,1
i07,e01,c5,p20,l3,1
i34,e01,c5,p07,l3,1
i03,e08,c5,p19,l3,5
i06,e08,c5,p06,l2,1944
i06,e08,c5,p21,l2,3216
i06,e08,c5,p18,l2,1723
i16,e08,c5,p19,l3,91
i17,e01,c5,p10,l3,59
i38,e10,c1,p16,l4,1529
i06,e10,c5,p15,l4,4897
i02,e01,c1,p11,l3,295
i06,e10,c5,p09,l1,15
i02,e01,c1,p18,l3,29
i38,e10,c1,p24,l1,12
i05,e08,c1,p21,l3,4
i38,e10,c1,p03,l1,53
i38,e04,c1,p29,l1,15
i05,e12,c1,p12,l3,40
i34,e03,c5,p07,l3,66
i06,e11,c5,p18,l2,193
i06,e10,c5,p24,l2,35
i42,e05,c3,p35,l3,43
i38,e06,c1,p22,l3,203
i05,e01,c1,p18,l3,2
i03,e04,c5,p05,l3,23
i12,e01,c5,p32,l3,4
i16,e09,c5,p19,l3,6
i16,e04,c5,p04,l3,5
i17,e04,c5,p17,l3,44
i13,e08,c5,p35,l3,15
i39,e04,c5,p01,l3,43
i38,e08,c1,p35,l2,45
i02,e01,c1,p29,l3,21
i41,e09,c1,p10,l3,3
i16,e08,c5,p06,l3,2
i21,e03,c1,p21,l3,4
i34,e04,c5,p16,l3,9
i43,e08,c1,p04,l3,2
i38,e10,c1,p20,l2,6
i43,e08,c1,p07,l3,11
i38,e10,c1,p21,l1,23
i38,e04,c1,p04,l1,15
i38,e10,c4,p16,l4,13
i01,e04,c1,p02,l3,5
i03,e09,c5,p16,l3,4
i43,e01,c1,p17,l3,2
i14,e04,c5,p32,l3,3
i15,e09,c6,p35,l3,22
i38,e10,c1,unknown,l3,2
i16,e08,c5,p22,l3,20
i16,e04,c5,p24,l3,18
i07,e07,c5,p35,l3,3
i03,e09,c5,p06,l3,4
i01,e11,c1,p17,l3,3
i18,e07,c1,p35,l3,6
i42,e05,c5,p05,l3,2
i01,e11,c1,p15,l3,2
i02,e05,c1,p05,l3,1
i38,e10,c1,p31,l2,2
i14,e12,c5,p17,l3,1
i16,e05,c5,p32,l3,1
i38,e11,c4,p16,l2,1
i03,e01,c5,p15,l3,1
i03,e04,c5,p06,l3,1
i66,e09,c3,p01,l3,1
i21,e01,c1,p32,l3,2
i14,e11,c5,p03,l3,1
i23,e04,c5,p24,l3,1
i06,e07,c5,p22,l2,1
i34,e01,c5,p02,l3,1
i22,e05,c5,p25,l3,1
i32,e01,c5,p14,l3,1
i34,e04,c5,p25,l3,2
i16,e05,c5,p24,l3,1
i38,e05,c1,p19,l1,1
i06,e08,c5,p23,l2,1180
i06,e08,c5,p05,l2,3640
i06,e10,c5,p17,l3,34818
i02,e04,c1,p10,l3,676
i06,e08,c5,p02,l2,1006
i14,e08,c5,p08,l3,178
i06,e11,c5,p17,l2,233
i38,e08,c1,p16,l2,147
i17,e09,c5,p19,l3,21
i06,e11,c5,p05,l2,518
i06,e10,c5,p22,l4,1556
i06,e10,c3,p05,l3,180
i38,e10,c1,p22,l4,589
i38,e08,c1,p13,l2,466
i02,e08,c1,p19,l3,2087
i38,e10,c1,p25,l4,360
i38,e06,c1,p25,l3,68
i38,e10,c4,p07,l3,229
i06,e10,c5,p35,l1,38
i06,e04,c5,p14,l1,122
i06,e09,c5,p09,l2,17
i06,e04,c5,p02,l1,225
i05,e12,c1,p24,l3,10
i17,e11,c5,p31,l3,12
i46,e08,c1,p16,l3,1
i06,e10,c3,p25,l3,13
i21,e01,c1,p21,l3,4
i05,e12,c1,p18,l3,29
i38,e12,c1,p19,l3,7
i34,e04,c5,p01,l3,29
i38,e09,c1,p14,l2,25
i61,e08,c1,p35,l3,23
i38,e08,c1,p09,l2,50
i38,e04,c1,p14,l1,34
i43,e03,c1,p35,l3,4
i38,e05,c1,p10,l1,3
i06,e11,c5,p20,l2,45
i06,e10,c5,p35,l2,21
i14,e04,c5,p20,l3,5
i09,e01,c5,p35,l3,23
i17,e01,c5,p29,l3,8
i12,e04,c5,p13,l3,12
i38,e11,c4,p05,l2,8
i46,e08,c1,p13,l3,26
i23,e12,c5,p01,l3,17
i05,e07,c1,p35,l3,18
i38,e10,c1,p23,l2,24
i06,e10,c3,p11,l4,8
i13,e08,c5,p21,l3,2
i42,e05,c5,p10,l3,6
i16,e04,c5,p01,l3,14
i39,e09,c5,p15,l3,8
i14,e01,c5,p35,l3,3
i17,e09,c5,p04,l3,12
i19,e12,c5,p35,l3,2
i13,e09,c5,p23,l3,8
i66,e04,c3,p18,l3,3
i14,e08,c3,p19,l3,2
i05,e03,c1,p15,l3,1
i06,e04,c3,p32,l1,2
i13,e08,c5,p01,l3,2
i31,e12,c1,p35,l3,3
i38,e10,c4,p19,l2,4
i03,e01,c5,p19,l3,1
i66,e04,c3,p29,l3,2
i05,e12,c1,p06,l3,4
i21,e03,c1,p11,l3,4
i06,e08,c3,p01,l2,14
i14,e05,c5,p32,l3,1
i42,e05,c5,p13,l3,4
i38,e09,c4,p17,l2,2
i136,e05,c1,p10,l3,1
i06,e04,c3,p21,l1,1
i46,e06,c1,p19,l3,1
i06,e09,c3,p18,l2,1
i22,e05,c5,p05,l3,1
i23,e09,c5,p19,l3,1
i14,e04,c5,p22,l3,77
i06,e08,c5,p33,l2,341
i38,e08,c1,p14,l2,523
i38,e10,c1,p15,l3,13280
i17,e04,c5,p18,l3,32
i17,e04,c5,p26,l3,22
i19,e11,c5,p10,l3,205
i06,e10,c5,p09,l4,1145
i38,e04,c1,p25,l1,5
i34,e01,c5,p10,l3,37
i02,e04,c1,p09,l3,75
i07,e08,c5,p19,l3,9
i06,e12,c5,p20,l3,86
i06,e11,c5,p11,l2,423
i14,e08,c5,p30,l3,106
i06,e10,c5,p26,l3,2463
i38,e04,c1,p01,l1,70
i02,e01,c1,p08,l3,16
i38,e09,c1,p22,l2,18
i39,e04,c5,p24,l3,15
i66,e09,c3,p15,l3,1
i01,e08,c1,p17,l3,23
i06,e10,c5,p33,l3,178
i06,e10,c5,p16,l2,236
i02,e09,c1,p12,l3,88
i38,e04,c4,p07,l1,3
i38,e10,c4,p06,l3,38
i38,e08,c4,p10,l2,30
i21,e03,c1,p16,l3,1
i06,e10,c5,p28,l2,25
i39,e04,c5,p06,l3,6
i38,e04,c1,p20,l1,31
i17,e11,c5,p12,l3,119
i05,e06,c1,p19,l3,21
i01,e04,c1,p07,l3,2
i14,e05,c5,p10,l3,4
i49,e10,c1,p33,l3,45
i12,e01,c5,p13,l3,4
i33,e08,c1,p10,l3,1
i46,e04,c4,p35,l3,18
i03,e10,c3,p03,l3,2
i17,e11,c5,p22,l3,21
i66,e04,c3,p04,l3,6
i41,e01,c1,p21,l3,8
i46,e08,c4,p21,l3,1
i03,e10,c5,p21,l3,4
i14,e12,c5,p23,l3,3
i17,e08,c5,p22,l3,13
i01,e09,c1,p15,l3,4
i25,e10,c5,p19,l4,2
i38,e07,c1,p04,l2,1
i06,e09,c3,p04,l2,2
i46,e01,c1,p09,l3,2
i06,e08,c3,p16,l2,1
i38,e09,c1,p25,l2,4
i06,e07,c5,p18,l2,1
i13,e05,c5,p10,l3,1
i38,e09,c1,p30,l2,4
i06,e02,c5,p32,l1,1
i32,e04,c5,p35,l3,1
i19,e05,c5,p35,l3,1
i07,e12,c5,p29,l3,2
i38,e08,c4,p12,l2,1
i30,e04,c1,p35,l3,1
i13,e03,c5,p18,l3,1
i29,e04,c5,p17,l3,1
i38,e10,c4,p25,l1,1
i06,e08,c5,p22,l2,2614
i17,e08,c5,p18,l3,29
i06,e10,c5,p18,l3,26795
i38,e10,c1,p23,l4,604
i06,e11,c5,p29,l2,180
i38,e11,c1,p11,l2,307
i06,e04,c5,p06,l1,146
i38,e08,c1,p17,l2,119
i06,e10,c5,p13,l4,2353
i06,e01,c5,p29,l3,74
i14,e08,c5,p03,l3,102
i38,e11,c1,p29,l2,113
i06,e10,c5,p28,l4,1141
i46,e01,c1,p24,l3,19
i06,e10,c5,p21,l4,3943
i34,e01,c5,p09,l3,10
i02,e01,c1,p14,l3,94
i44,e08,c3,p10,l3,48
i17,e04,c5,p07,l3,23
i17,e01,c5,p07,l3,15
i38,e09,c1,p24,l2,29
i34,e08,c5,p29,l3,3
i38,e06,c1,p24,l3,336
i17,e01,c5,p13,l3,9
i38,e09,c1,p13,l2,214
i06,e10,c5,p22,l2,51
i23,e03,c5,p02,l3,6
i06,e10,c3,p17,l3,119
i06,e10,c3,p15,l4,19
i38,e04,c1,p17,l1,24
i16,e04,c5,p22,l3,7
i02,e04,c1,p04,l3,207
i38,e10,c1,p26,l3,110
i38,e10,c4,p25,l3,41
i34,e04,c5,p03,l3,15
i43,e04,c1,p01,l3,7
i30,e04,c1,p01,l3,3
i06,e11,c5,p26,l2,38
i34,e04,c5,p35,l3,26
i07,e11,c5,p21,l3,30
i05,e01,c1,p19,l3,16
i38,e07,c1,p21,l2,1
i06,e10,c3,p01,l4,17
i05,e12,c1,p02,l3,8
i05,e06,c1,p03,l3,6
i11,e05,c4,p35,l3,1
i34,e08,c5,p04,l3,19
i07,e12,c5,p16,l3,1
i05,e06,c1,p05,l3,3
i01,e08,c1,p08,l3,3
i38,e01,c1,p20,l3,7
i21,e03,c1,p13,l3,1
i06,e01,c3,p21,l3,2
i38,e10,c4,p18,l2,5
i38,e08,c1,unknown,l2,3
i05,e04,c4,p19,l3,1
i42,e05,c5,p03,l3,1
i38,e07,c1,p12,l2,5
i16,e04,c5,p08,l3,1
i41,e07,c1,p05,l3,7
i29,e04,c5,p10,l3,1
i42,e02,c5,p16,l3,1
i06,e10,c3,p20,l3,2
i13,e10,c5,p29,l3,1
i05,e06,c1,p22,l3,2
i05,e12,c1,p31,l3,1
i02,e05,c1,p11,l3,1
i41,e01,c1,p22,l3,1
i30,e09,c1,p06,l3,1
i06,e10,c3,p15,l2,1
i39,e01,c5,p14,l3,1
i20,e09,c5,p35,l3,1
i46,e01,c1,p22,l3,1
i12,e09,c5,p11,l3,1
i05,e07,c1,p14,l3,1
i06,e08,c5,p10,l2,6007
i06,e10,c5,p29,l3,20429
i06,e04,c5,p16,l1,246
i46,e08,c4,p35,l3,1316
i06,e10,c5,p01,l3,45415
i06,e10,c5,p24,l3,31533
i47,e04,c1,p35,l3,172
i17,e04,c5,p12,l3,74
i38,e10,c1,p08,l3,3943
i06,e04,c5,p35,l1,229
i05,e12,c1,p10,l3,162
i06,e01,c5,p05,l3,148
i17,e04,c5,p32,l3,5
i14,e08,c5,p15,l3,104
i38,e11,c4,p10,l2,18
i63,e10,c1,p10,l3,107
i34,e03,c5,p29,l3,44
i06,e04,c5,p15,l1,268
i38,e04,c1,p03,l1,51
i39,e01,c3,p02,l3,3
i17,e08,c5,p07,l3,34
i38,e01,c1,p25,l3,10
i17,e11,c5,p19,l3,103
i46,e11,c1,p18,l3,198
i16,e01,c5,p19,l3,11
i38,e10,c1,p04,l2,38
i02,e09,c1,p29,l3,39
i05,e06,c1,p15,l3,14
i38,e09,c1,p29,l2,14
i14,e01,c5,p17,l3,5
i02,e08,c1,p18,l3,263
i02,e01,c1,p28,l3,49
i34,e04,c5,p05,l3,11
i05,e12,c1,p29,l3,48
i06,e10,c5,p05,l2,30
i16,e04,c5,p35,l3,1
i12,e01,c5,p03,l3,2
i02,e09,c1,p28,l3,31
i02,e09,c1,p23,l3,31
i17,e09,c5,p21,l3,39
i02,e08,c4,p15,l3,24
i23,e01,c5,p24,l3,2
i34,e03,c5,p25,l3,32
i01,e04,c1,p15,l3,6
i06,e10,c5,p25,l1,14
i06,e01,c5,p26,l3,15
i41,e01,c1,p01,l3,18
i05,e12,c1,p16,l3,6
i07,e12,c5,p05,l3,7
i43,e01,c1,p10,l3,16
i41,e04,c1,p17,l3,7
i38,e01,c1,p17,l3,38
i03,e01,c5,p06,l3,2
i27,e04,c5,p13,l3,12
i32,e11,c5,p35,l3,14
i06,e02,c5,p19,l1,2
i17,e09,c5,p26,l3,5
i01,e04,c1,p06,l3,1
i25,e10,c5,p21,l4,3
i21,e03,c1,p18,l3,3
i03,e04,c5,p15,l3,1
i43,e04,c1,p19,l3,6
i06,e05,c5,p23,l1,1
unknown,e04,c3,p35,l3,4
i38,e04,c4,p03,l1,1
i30,e09,c1,p03,l3,1
i46,e04,c1,p09,l3,1
i23,e04,c5,p03,l3,1
i22,e02,c5,p18,l3,1
i21,e04,c1,p11,l3,1
i46,e05,c1,p06,l3,1
i06,e08,c5,p15,l2,4384
i38,e10,c1,p24,l4,1187
i13,e08,c5,p29,l3,21
i38,e10,c1,p35,l3,669
i17,e04,c5,p03,l3,95
i47,e01,c1,p35,l3,247
i38,e06,c1,p10,l3,2252
i38,e11,c1,p01,l2,345
i38,e10,c4,p10,l3,841
i06,e10,c5,p28,l1,26
i02,e01,c1,p03,l3,128
i02,e04,c1,p15,l3,113
i38,e06,c1,p01,l3,706
i14,e08,c5,p01,l3,160
i02,e09,c1,p19,l3,691
i39,e09,c5,p35,l3,135
i38,e09,c1,p18,l2,13
i06,e10,c5,p06,l1,33
i38,e01,c1,p07,l3,77
i06,e10,c5,p21,l1,74
i38,e01,c1,p14,l3,28
i38,e10,c1,p07,l1,43
i21,e04,c1,p10,l3,6
i06,e11,c5,p14,l2,180
i48,e08,c1,p35,l3,52
i41,e09,c1,p12,l3,4
i38,e10,c4,p02,l4,31
i06,e01,c5,p32,l3,53
i38,e01,c1,p35,l3,16
i21,e03,c1,p10,l3,11
i05,e01,c1,p10,l3,42
i54,e04,c1,p35,l3,8
i38,e08,c4,p19,l2,130
i14,e04,c5,p03,l3,47
i05,e09,c1,p21,l3,13
i16,e08,c5,p21,l3,9
i46,e08,c1,p32,l3,4
i34,e09,c5,p08,l3,36
i16,e01,c5,p32,l3,2
i46,e08,c1,p23,l3,5
i38,e10,c1,p13,l1,27
i38,e10,c1,p08,l1,4
i39,e09,c5,p05,l3,22
i34,e01,c5,p22,l3,5
i01,e08,c1,p16,l3,11
i38,e04,c1,unknown,l1,5
i05,e07,c1,p17,l3,15
i07,e04,c5,p24,l3,4
i12,e01,c5,p10,l3,1
i06,e05,c5,p02,l1,1
i05,e04,c1,p14,l3,6
i14,e05,c3,p01,l3,1
i46,e01,c1,p13,l3,3
i14,e12,c5,p07,l3,1
i38,e08,c1,p26,l2,2
i67,e01,c5,p05,l3,1
i41,e01,c1,p12,l3,4
i38,e11,c1,unknown,l2,1
i42,e05,c5,p32,l3,1
i38,e07,c1,p07,l2,4
i01,e08,c1,p07,l3,2
i05,e12,c1,p28,l3,1
i41,e04,c1,p25,l3,1
i14,e09,c5,p10,l3,3
i06,e01,c3,p04,l3,1
i22,e05,c5,p13,l3,1
i42,e05,c3,p10,l3,3
i14,e08,c3,p01,l3,1
i12,e05,c5,p01,l3,1
i05,e04,c1,p26,l3,1
i02,e11,c1,p05,l3,1
i06,e12,c5,p24,l3,166
i06,e10,c5,p23,l3,14504
i06,e04,c5,p07,l1,237
i12,e04,c5,p15,l3,2
i46,e08,c1,p10,l3,4
i29,e04,c5,p04,l3,5
i19,e10,c5,p35,l4,16
i06,e10,c5,p20,l3,5779
i38,e09,c1,p19,l2,297
i38,e11,c1,p16,l2,148
i38,e10,c1,p35,l4,414
i06,e10,c5,p30,l3,788
i38,e09,c1,p10,l2,339
i38,e10,c4,p05,l3,123
i06,e04,c5,p25,l1,57
i21,e04,c1,p28,l3,4
i02,e08,c1,p15,l3,561
i06,e09,c5,p13,l2,61
i02,e04,c1,p21,l3,292
i02,e01,c1,p07,l3,146
i38,e08,c1,p15,l2,268
i39,e09,c5,p21,l3,21
i39,e04,c5,p11,l3,30
i38,e11,c1,p30,l2,6
i38,e08,c1,p04,l2,41
i42,e05,c5,p19,l3,9
i07,e12,c5,p19,l3,21
i38,e01,c1,p16,l3,47
i46,e08,c1,p15,l3,4
i17,e04,c5,p15,l3,62
i39,e04,c5,p10,l3,86
i38,e09,c1,p23,l2,7
i38,e06,c1,unknown,l3,14
i42,e05,c3,p32,l3,24
i34,e01,c5,p29,l3,4
i28,e04,c1,p35,l3,23
i14,e08,c5,p13,l3,61
i38,e04,c1,p16,l1,39
i34,e03,c5,p23,l3,46
i05,e04,c1,p35,l3,47
i42,e05,c5,p18,l3,19
i34,e08,c5,p21,l3,39
i25,e03,c5,p04,l3,1
i39,e09,c5,p04,l3,8
i14,e09,c5,p07,l3,8
i34,e08,c5,p23,l3,30
i30,e04,c1,p17,l3,5
i34,e08,c5,p24,l3,6
i27,e01,c5,p24,l3,8
i46,e08,c1,p21,l3,4
i27,e04,c5,p17,l3,3
i39,e01,c5,p16,l3,12
i06,e10,c5,p29,l1,23
i17,e09,c5,p13,l3,10
i38,e07,c1,p16,l2,2
i14,e04,c5,p35,l3,16
i30,e09,c1,p35,l3,3
i03,e01,c5,p05,l3,2
i16,e08,c5,p11,l3,24
i14,e04,c5,p04,l3,20
i42,e05,c5,p17,l3,2
i46,e08,c1,unknown,l3,3
i16,e04,c5,p02,l3,13
i46,e06,c1,p35,l3,7
i17,e04,c5,p20,l3,10
i13,e04,c5,p10,l3,4
i38,e10,c4,p06,l1,2
i23,e13,c5,p10,l3,4
i05,e06,c1,p12,l3,10
i19,e03,c5,p10,l3,4
i30,e01,c1,p11,l3,7
i13,e04,c5,p19,l3,2
i38,e05,c1,p21,l1,1
i38,e10,c4,p13,l4,18
i14,e12,c5,p32,l3,4
i14,e13,c5,p19,l3,2
i39,e09,c5,p32,l3,7
i05,e09,c1,p22,l3,4
i66,e01,c3,p35,l3,1
i34,e01,c5,p05,l3,2
i38,e01,c4,p05,l3,2
i38,e04,c4,p05,l1,3
i06,e02,c5,p07,l1,1
i22,e05,c5,p16,l3,1
i03,e10,c5,p22,l3,2
i38,e07,c1,p06,l2,1
i34,e09,c5,p17,l3,1
i23,e08,c5,p19,l3,1
i38,e11,c4,p18,l2,2
i38,e04,c4,p19,l1,1
i14,e11,c5,p02,l3,1
i30,e01,c1,p24,l3,1
i12,e08,c5,p03,l3,1
i16,e09,c5,p18,l3,1
i05,e03,c4,p19,l3,1
i38,e08,c1,unknown,l2,1
i49,e03,c1,p35,l3,1
i14,e08,c3,p04,l3,1
i06,e08,c5,p13,l2,1262
i06,e08,c5,p19,l2,8712
i06,e10,c5,p24,l4,2556
i46,e08,c1,p35,l3,2773
i06,e04,c3,p10,l1,2
i17,e04,c5,p11,l3,114
i06,e11,c5,p16,l2,376
i38,e10,c1,p13,l4,2703
i38,e07,c1,p10,l2,20
i13,e08,c5,p10,l3,53
i06,e08,c5,p31,l2,44
i38,e04,c1,p02,l1,47
i38,e10,c4,p32,l3,180
i38,e04,c1,p32,l1,53
i38,e10,c1,p28,l4,455
i38,e06,c1,p16,l3,356
i06,e10,c3,p35,l3,479
i14,e09,c5,p23,l3,5
i02,e01,c1,p35,l3,126
i41,e11,c1,p10,l3,38
i39,e09,c5,p01,l3,22
i38,e10,c1,p22,l2,29
i16,e04,c5,p12,l3,6
i06,e10,c3,p17,l4,21
i06,e09,c5,p15,l2,109
i38,e01,c1,p01,l3,81
i38,e10,c4,p05,l4,34
i01,e04,c1,p05,l3,1
i41,e07,c1,p35,l3,50
i34,e09,c5,p23,l3,2
i24,e08,c1,p35,l3,18
i12,e04,c5,p35,l3,13
i38,e09,c4,p03,l2,1
i05,e01,c1,p11,l3,5
i38,e11,c4,p15,l2,2
i03,e08,c5,p11,l3,3
i38,e09,c1,p09,l2,7
i14,e11,c5,p18,l3,1
i06,e12,c5,p30,l3,6
i23,e03,c5,p10,l3,24
i41,e04,c1,p11,l3,1
i27,e01,c3,p15,l3,1
i46,e08,c1,p05,l3,3
i01,e08,c1,p11,l3,17
i29,e04,c5,p35,l3,9
i14,e11,c5,p01,l3,1
i01,e09,c1,p02,l3,1
i41,e07,c1,p06,l3,1
i38,e08,c4,p06,l2,1
i43,e09,c1,p01,l3,3
i12,e04,c5,p04,l3,1
i01,e08,c1,p22,l3,6
i30,e09,c1,p20,l3,2
i42,e05,c3,p23,l3,1
i27,e01,c5,p11,l3,2
i46,e09,c1,p23,l3,2
i16,e01,c5,p21,l3,4
i34,e08,c5,p11,l3,2
i46,e04,c1,p13,l3,2
i23,e09,c5,p06,l3,2
i21,e12,c1,p10,l3,1
i38,e10,c4,p23,l1,1
i41,e04,c1,p05,l3,5
i39,e01,c5,p25,l3,3
i38,e12,c1,p12,l3,3
i01,e08,c1,p02,l3,6
i38,e05,c1,p01,l1,2
i14,e08,c3,p29,l3,1
i38,e10,c4,p10,l2,2
i38,e07,c1,p29,l2,1
i39,e01,c5,p06,l3,1
i13,e05,c5,p29,l3,1
i67,e09,c5,p24,l3,3
i02,e05,c1,p17,l3,1
i38,e11,c1,unknown,l2,1
i30,e01,c1,p14,l3,2
i61,e01,c1,p35,l3,1
i30,e09,c1,p14,l3,1
i12,e09,c5,p13,l3,5
i17,e08,c5,p10,l3,217
i06,e10,c5,p10,l3,135709
i38,e10,c1,p04,l4,1274
i06,e04,c5,p12,l1,172
i06,e01,c5,p21,l3,249
i38,e10,c1,p25,l3,1969
i02,e08,c1,p11,l3,2062
i38,e11,c1,p15,l2,230
i38,e10,c1,p32,l3,2217
i06,e10,c5,p10,l2,260
i06,e10,c5,p35,l4,2219
i38,e10,c1,p06,l4,803
i38,e10,c1,p29,l4,1016
i34,e01,c5,p19,l3,71
i06,e10,c5,p11,l1,68
i38,e10,c1,p30,l4,99
i06,e10,c5,p08,l1,31
i06,e10,c5,p12,l1,55
i02,e04,c1,p17,l3,133
i13,e11,c5,p19,l3,36
i38,e04,c1,p18,l1,23
i17,e11,c5,p16,l3,141
i05,e06,c1,p25,l3,1
i38,e10,c1,p04,l1,11
i38,e04,c1,p15,l1,39
i02,e09,c1,p05,l3,32
i06,e09,c5,p29,l2,72
i38,e10,c4,p18,l4,30
i02,e08,c1,p16,l3,535
i06,e10,c5,p07,l1,29
i42,e05,c5,p14,l3,17
i07,e08,c5,p35,l3,141
i14,e01,c5,p22,l3,14
i05,e06,c1,p21,l3,11
i17,e11,c5,p02,l3,14
i34,e04,c5,p07,l3,6
i16,e01,c5,p16,l3,5
i43,e01,c1,p13,l3,1
i38,e10,c1,p29,l2,37
i14,e08,c5,p17,l3,28
i39,e09,c5,p22,l3,6
i03,e10,c5,p17,l3,4
i17,e04,c5,p23,l3,28
i05,e12,c1,p03,l3,32
i16,e04,c5,p15,l3,33
i39,e04,c5,p07,l3,12
i31,e01,c1,p35,l3,3
i38,e10,c1,p34,l3,2
i38,e10,c1,p08,l2,8
i41,e01,c1,p07,l3,11
i05,e08,c1,p15,l3,5
i38,e01,c4,p19,l3,1
i05,e03,c1,p31,l3,1
i01,e08,c1,p14,l3,6
i38,e08,c1,p30,l2,5
i30,e04,c1,p19,l3,17
i38,e06,c4,p08,l3,12
i17,e08,c5,p32,l3,3
i34,e01,c5,p06,l3,4
i06,e07,c5,p01,l2,2
i23,e08,c5,p12,l3,5
i29,e01,c5,p04,l3,2
i41,e08,c1,p05,l3,5
i02,e05,c1,p24,l3,1
i43,e09,c1,p07,l3,10
i07,e09,c5,p35,l3,5
i02,e05,c1,p21,l3,2
i23,e03,c5,p19,l3,1
i13,e08,c5,p04,l3,8
i17,e01,c5,p20,l3,7
i05,e06,c1,p17,l3,5
i38,e05,c1,p35,l1,4
i87,e04,c5,p35,l3,3
i32,e09,c5,p19,l3,1
i14,e04,c5,p18,l3,4
i43,e08,c1,p15,l3,1
i06,e01,c3,p23,l3,1
i34,e09,c5,p03,l3,2
i06,e08,c3,p18,l2,2
i38,e05,c1,p07,l1,1
i12,e09,c5,p25,l3,1
i14,e11,c5,p24,l3,2
i13,e12,c5,p10,l3,1
i121,e08,c5,p10,l3,1
i05,e09,c1,unknown,l3,1
i38,e10,c1,p23,l1,1
i21,e03,c1,p12,l3,1
i23,e09,c5,p01,l3,10
i15,e01,c2,p35,l3,2574
i06,e10,c5,p15,l3,64835
i06,e04,c5,p01,l1,239
i05,e08,c1,p35,l3,2346
i06,e04,c5,p24,l1,155
i06,e10,c5,p07,l3,32176
i38,e10,c4,p17,l3,475
i38,e01,c1,p13,l3,180
i02,e09,c1,p15,l3,93
i38,e10,c4,p10,l4,192
i38,e10,c4,p03,l3,249
i66,e01,c3,p20,l3,3
i46,e08,c1,p22,l3,16
i38,e01,c1,p11,l3,92
i17,e11,c5,p04,l3,49
i38,e10,c1,p35,l2,656
i38,e04,c1,p06,l1,17
i17,e04,c5,p04,l3,59
i05,e06,c1,p35,l3,28
i06,e01,c3,p03,l3,3
i02,e04,c1,p05,l3,83
i19,e10,c5,p10,l2,8
i02,e09,c1,p14,l3,61
i34,e09,c5,p25,l3,15
i38,e11,c1,p26,l2,5
i38,e01,c1,p12,l3,59
i14,e09,c5,p11,l3,11
i01,e01,c1,p01,l3,8
i38,e06,c4,p02,l3,14
i14,e11,c5,p16,l3,2
i38,e10,c1,p17,l1,31
i34,e04,c5,p08,l3,16
i26,e11,c1,p35,l3,14
i06,e01,c3,p10,l3,7
i34,e01,c5,p18,l3,7
i06,e01,c5,p28,l3,54
i06,e12,c5,p08,l3,58
i14,e04,c5,p09,l3,55
i39,e01,c5,p17,l3,15
i01,e01,c1,p13,l3,1
i38,e10,c1,p14,l1,9
i34,e08,c5,p18,l3,10
i66,e04,c3,p10,l3,5
i05,e03,c1,p12,l3,3
i02,e08,c1,p32,l3,5
i39,e09,c5,p03,l3,2
i27,e11,c5,p24,l3,2
i34,e08,c5,p32,l3,1
i05,e03,c1,p08,l3,2
i38,e05,c1,p15,l1,2
i42,e05,c5,p25,l3,1
i25,e08,c5,p16,l3,1
i06,e05,c5,p35,l1,2
i16,e08,c5,p23,l3,2
i06,e04,c3,p05,l1,1
i12,e04,c5,p11,l3,11
i05,e08,c1,p11,l3,4
i06,e07,c5,p24,l2,3
i16,e04,c5,p07,l3,4
i27,e01,c5,p16,l3,3
i35,e09,c2,p35,l3,3
i27,e04,c5,p15,l3,2
i38,e12,c1,p14,l3,3
i05,e01,c1,p05,l3,2
i05,e04,c1,p23,l3,1
i03,e04,c5,p17,l3,1
i02,e11,c1,p35,l3,1
i23,e13,c5,p16,l3,1
i02,e01,c4,p11,l3,1
i66,e09,c3,p29,l3,1
i03,e08,c5,p21,l3,1
i41,e09,c1,p20,l3,1
i01,e08,c1,p03,l3,39
i02,e04,c1,p19,l3,1039
i14,e08,c5,p14,l3,83
i06,e12,c5,p03,l3,388
i05,e09,c1,p10,l3,37
i38,e10,c1,p28,l3,2391
i06,e10,c3,p03,l3,116
i38,e10,c4,p01,l4,25
i06,e04,c5,p11,l1,282
i38,e06,c1,p14,l3,169
i06,e01,c5,p09,l3,28
i06,e09,c5,p28,l2,38
i06,e10,c5,p18,l1,51
i34,e09,c5,p19,l3,80
i06,e01,c5,p04,l3,84
i38,e01,c1,p02,l3,34
i23,e13,c5,p29,l3,6
i46,e11,c1,p01,l3,28
i07,e08,c5,p12,l3,15
i01,e09,c1,p03,l3,6
i46,e11,c1,p16,l3,20
i14,e04,c5,p15,l3,59
i38,e10,c1,unknown,l3,12
i14,e08,c5,p32,l3,107
i16,e08,c5,p01,l3,19
i41,e08,c1,p10,l3,11
i02,e04,c1,p06,l3,45
i38,e12,c1,p24,l3,5
i30,e04,c1,p21,l3,27
i23,e01,c5,p15,l3,17
i38,e09,c1,p03,l2,77
i34,e04,c5,p21,l3,51
i41,e08,c1,p22,l3,16
i06,e10,c3,p02,l4,16
i38,e04,c1,p11,l1,83
i06,e09,c5,p26,l2,27
i06,e07,c5,p02,l2,2
i39,e01,c5,p05,l3,21
i16,e08,c5,p29,l3,7
i38,e10,c1,unknown,l3,18
i05,e08,c1,p05,l3,6
i14,e04,c5,p10,l3,12
i05,e06,c1,p16,l3,2
i16,e08,c5,p08,l3,22
i48,e04,c1,p11,l3,1
i01,e08,c1,p13,l3,9
i24,e09,c1,p06,l3,1
i05,e08,c1,p03,l3,2
i02,e11,c1,p08,l3,1
i38,e06,c4,p35,l3,13
i43,e09,c1,p03,l3,3
i13,e08,c5,p25,l3,3
i16,e09,c5,p17,l3,2
i06,e07,c5,p13,l2,3
i38,e07,c1,p18,l2,2
i12,e09,c5,p19,l3,3
i32,e04,c5,p10,l3,1
i33,e08,c1,p05,l3,1
i16,e11,c5,p02,l3,1
i17,e11,c5,p32,l3,2
i16,e01,c5,p12,l3,4
i30,e04,c1,p15,l3,1
i13,e03,c5,p19,l3,1
i06,e02,c5,p03,l1,1
i46,e01,c1,p06,l3,1
i01,e01,c1,p06,l3,1
i38,e11,c4,p24,l2,1
i27,e09,c5,p04,l3,1
i33,e09,c1,p10,l3,1
i26,e11,c4,p35,l3,1
i32,e09,c5,p10,l3,1
i38,e10,c1,p24,l3,6687
i38,e10,c4,p29,l3,70
i46,e11,c1,p35,l3,7123
i38,e01,c1,p19,l3,301
i02,e01,c1,p10,l3,402
i38,e11,c1,p14,l2,86
i02,e08,c1,p01,l3,1049
i14,e08,c5,p05,l3,1880
i17,e11,c5,p03,l3,129
i06,e01,c5,p07,l3,151
i05,e06,c4,p19,l3,1
i19,e10,c5,p35,l3,169
i39,e01,c5,p04,l3,12
i06,e09,c5,p19,l2,420
i06,e09,c5,p05,l2,132
i46,e08,c1,p29,l3,12
i05,e06,c1,p29,l3,4
i14,e08,c5,p25,l3,177
i17,e08,c5,p23,l3,6
i21,e09,c1,p13,l3,2
i06,e11,c5,p23,l2,105
i05,e12,c1,p11,l3,19
i05,e09,c1,p35,l3,29
i30,e01,c1,p10,l3,52
i06,e10,c5,p01,l1,83
i18,e04,c1,p35,l3,58
i66,e09,c3,p18,l3,1
i38,e10,c1,p15,l2,61
i16,e08,c5,p02,l3,33
i30,e01,c1,p07,l3,29
i34,e03,c5,p14,l3,47
i38,e11,c4,p01,l2,3
i05,e12,c1,p07,l3,30
i17,e08,c5,p11,l3,94
i12,e04,c5,p10,l3,7
i34,e04,c5,p17,l3,4
i68,e09,c1,p35,l3,4
i16,e09,c5,p03,l3,4
i41,e11,c1,p07,l3,1
i23,e03,c5,p23,l3,2
i41,e07,c1,p03,l3,9
i38,e11,c4,p17,l2,7
i41,e08,c1,p21,l3,10
i14,e09,c5,p02,l3,8
i05,e04,c1,p24,l3,3
i02,e11,c1,p17,l3,1
i06,e02,c5,p01,l1,3
i33,e04,c1,p09,l3,7
i06,e05,c5,p18,l1,2
i03,e08,c5,p24,l3,7
i34,e09,c5,p13,l3,3
i17,e01,c5,p02,l3,4
i06,e10,c3,p29,l4,4
i07,e12,c5,p24,l3,2
i06,e08,c3,p19,l2,1
i38,e11,c4,p07,l2,4
i46,e08,c4,p07,l3,2
i66,e04,c3,p05,l3,1
i75,e04,c1,p35,l3,2
i01,e08,c1,p06,l3,3
i23,e01,c5,p06,l3,1
i29,e01,c5,p10,l3,2
i16,e09,c5,p06,l3,1
i41,e08,c1,p08,l3,1
i39,e09,c5,p25,l3,2
i39,e09,c5,p08,l3,3
i16,e11,c5,p15,l3,1
i43,e09,c1,p12,l3,1
i13,e04,c5,p17,l3,1
i03,e01,c5,p10,l3,1
i01,e04,c1,p26,l3,1
i38,e10,c1,p16,l3,8412
i38,e10,c1,p09,l3,4223
i06,e10,c5,p02,l4,1494
i38,e10,c1,p21,l4,2604
i46,e11,c1,p19,l3,686
i06,e11,c5,p06,l2,234
i06,e08,c5,p35,l2,2888
i16,e08,c5,p24,l3,22
i02,e08,c1,p21,l3,1480
i06,e10,c5,p20,l2,27
i02,e09,c1,p04,l3,64
i05,e01,c1,p35,l3,32
i06,e11,c5,p03,l2,372
i38,e06,c1,p12,l3,420
i03,e10,c5,p14,l3,4
i01,e09,c1,p35,l3,38
i02,e09,c1,p13,l3,221
i05,e09,c1,p04,l3,4
i30,e09,c1,p01,l3,7
i02,e04,c1,p29,l3,52
i02,e08,c1,p06,l3,75
i06,e11,c5,p12,l2,273
i34,e08,c5,p12,l3,11
i06,e01,c5,p35,l3,96
i38,e10,c1,p03,l2,132
i06,e01,c5,p22,l3,46
i76,e09,c5,p35,l3,2
i30,e09,c1,p12,l3,8
i19,e09,c5,p35,l3,8
i17,e09,c5,p11,l3,40
i07,e12,c5,p28,l3,5
i41,e07,c1,p01,l3,3
i34,e03,c5,p09,l3,108
i38,e01,c1,p06,l3,19
i38,e07,c1,p03,l2,4
i12,e04,c5,p21,l3,7
i17,e08,c5,p09,l3,14
i12,e08,c5,p09,l3,5
i14,e08,c5,p28,l3,11
i06,e02,c3,p12,l1,1
i14,e08,c3,p15,l3,4
i05,e07,c1,p19,l3,12
i66,e09,c3,p04,l3,3
i06,e02,c5,p02,l1,1
i05,e04,c1,p03,l3,3
i05,e06,c1,p18,l3,6
i38,e11,c4,p14,l2,2
i27,e01,c5,p10,l3,3
i06,e04,c5,p26,l1,17
i23,e04,c5,p01,l3,12
i14,e09,c5,p21,l3,4
i38,e07,c1,p19,l2,6
i39,e04,c5,p18,l3,24
i42,e05,c5,p01,l3,2
i14,e08,c3,p05,l3,1
i66,e01,c3,p04,l3,3
i38,e11,c4,p02,l2,2
i05,e03,c1,p01,l3,3
i12,e08,c5,p01,l3,9
i16,e08,c5,p17,l3,7
i17,e01,c5,p06,l3,2
i75,e01,c1,p35,l3,1
i05,e06,c1,p13,l3,6
i39,e01,c5,p07,l3,8
i23,e11,c5,p12,l3,3
i34,e09,c5,p04,l3,2
i16,e09,c5,p10,l3,7
i41,e13,c1,p02,l3,1
i01,e01,c1,p29,l3,1
i41,e07,c1,p12,l3,3
i05,e03,c1,p04,l3,1
i03,e01,c5,p17,l3,1
i06,e05,c5,p03,l1,1
i16,e08,c5,p35,l3,1
i16,e01,c5,p20,l3,2
i09,e09,c5,p06,l3,1
i43,e12,c1,p01,l3,1
i05,e06,c1,p28,l3,1
i02,e05,c1,p19,l3,1
i06,e10,c5,p16,l3,47768
i19,e10,c5,p10,l3,324
i34,e11,c5,p10,l3,5085
i14,e12,c5,p02,l3,8780
i38,e11,c1,p28,l2,42
i38,e09,c1,p15,l2,37
i38,e09,c1,p11,l2,77
i06,e10,c3,p01,l3,237
i06,e08,c5,p16,l2,3787
i02,e01,c1,p12,l3,94
i06,e01,c5,p10,l3,273
i06,e08,c5,p14,l2,1679
i38,e10,c1,p18,l1,11
i02,e09,c1,p07,l3,146
i02,e01,c1,p23,l3,33
i06,e09,c5,p03,l2,132
i34,e08,c5,p19,l3,114
i34,e01,c5,p11,l3,5
i32,e11,c5,p01,l3,15
i17,e01,c5,p12,l3,24
i02,e09,c1,p22,l3,28
i03,e01,c5,p21,l3,12
i05,e03,c1,p19,l3,9
i34,e04,c5,p18,l3,15
i16,e08,c5,p10,l3,52
i01,e09,c1,p10,l3,7
i38,e10,c1,unknown,l4,5
i01,e08,c1,p21,l3,22
i38,e09,c1,p32,l2,27
i16,e09,c5,p05,l3,2
i30,e09,c1,p19,l3,18
i67,e09,c5,p05,l3,7
i14,e09,c5,p35,l3,6
i13,e08,c5,p06,l3,24
i66,e04,c3,p19,l3,1
i14,e08,c5,p09,l3,59
i02,e01,c4,p15,l3,5
i39,e09,c5,p07,l3,6
i34,e09,c5,p24,l3,5
i41,e11,c1,p05,l3,13
i27,e09,c5,p19,l3,6
i21,e03,c1,p06,l3,1
i03,e01,c5,p16,l3,3
i23,e09,c5,p10,l3,9
i23,e01,c5,p02,l3,2
i02,e08,c1,p31,l3,12
i43,e04,c1,p10,l3,8
i23,e13,c5,p21,l3,2
i41,e09,c1,p01,l3,1
i16,e05,c5,p12,l3,1
i23,e03,c5,p01,l3,7
i30,e09,c1,p15,l3,2
i03,e10,c5,p16,l3,10
i38,e12,c1,p05,l3,1
i41,e07,c1,p21,l3,1
i14,e01,c5,p16,l3,3
i05,e04,c1,p05,l3,4
i03,e10,c5,p24,l3,2
i17,e04,c5,p25,l3,14
i41,e09,c1,p05,l3,2
i02,e04,c1,p23,l3,7
i13,e08,c5,p07,l3,6
i14,e12,c5,p22,l3,2
i06,e12,c3,p17,l3,1
i41,e07,c1,p25,l3,1
i02,e05,c1,p10,l3,1
i06,e05,c5,p14,l1,1
i01,e04,c1,p01,l3,1
i38,e10,c1,p06,l3,4612
i38,e01,c1,p32,l3,42
i06,e01,c5,p11,l3,91
i06,e10,c3,p02,l3,145
i38,e04,c1,p07,l1,79
i06,e04,c5,p08,l1,85
i41,e01,c1,p19,l3,23
i02,e04,c1,p13,l3,295
i38,e10,c4,p29,l4,13
i38,e10,c4,p18,l3,115
i38,e12,c1,p10,l3,477
i46,e09,c4,p19,l3,11
i06,e10,c5,p14,l1,36
i06,e12,c5,p18,l3,224
i05,e03,c1,p35,l3,15
i14,e01,c5,p07,l3,23
i06,e11,c5,p28,l2,103
i06,e08,c3,p03,l2,20
i34,e03,c5,p01,l3,265
i02,e01,c1,p16,l3,53
i38,e10,c1,p26,l4,48
i38,e04,c1,p23,l1,6
i06,e04,c5,p13,l1,116
i43,e01,c1,p21,l3,1
i05,e07,c1,p06,l3,6
i17,e11,c5,p21,l3,113
i41,e08,c1,p03,l3,46
i14,e01,c5,p11,l3,12
i06,e04,c5,p32,l1,114
i05,e04,c1,p29,l3,8
i02,e04,c1,p25,l3,2
i39,e09,c5,p10,l3,37
i34,e04,c5,p28,l3,3
i02,e09,c1,p18,l3,39
i06,e10,c5,p13,l2,29
i75,e08,c1,p35,l3,40
i38,e11,c1,p20,l2,26
i48,e11,c1,p10,l3,7
i38,e06,c1,unknown,l3,13
i30,e01,c1,p19,l3,12
i34,e01,c5,p01,l3,22
i29,e01,c5,p02,l3,1
i17,e01,c5,p04,l3,16
i06,e09,c5,p31,l2,18
i39,e01,c5,p18,l3,16
i16,e08,c5,p05,l3,36
i38,e10,c1,p15,l1,17
i34,e08,c5,p07,l3,24
i05,e12,c1,p21,l3,10
i01,e04,c1,p29,l3,6
i39,e09,c5,p02,l3,1
i01,e01,c1,p10,l3,16
i09,e04,c5,p35,l3,5
i23,e01,c5,p09,l3,4
i23,e01,c5,p10,l3,6
i67,e09,c5,p21,l3,2
i12,e08,c5,p17,l3,2
i12,e01,c5,p01,l3,5
i43,e01,c1,p11,l3,1
i06,e07,c5,p20,l2,1
i30,e01,c1,p02,l3,4
i67,e04,c5,p13,l3,1
i03,e10,c5,p15,l3,2
i38,e09,c4,p10,l2,2
i03,e10,c5,p10,l3,3
i38,e11,c4,p28,l2,1
i49,e03,c1,p33,l3,3
i46,e04,c1,p21,l3,2
i46,e08,c1,p07,l3,3
i46,e09,c1,p10,l3,2
i36,e04,c5,p35,l3,1
i09,e04,c5,p01,l3,2
i06,e07,c5,p10,l2,1
i05,e03,c1,p11,l3,1
i46,e11,c1,p29,l3,1
i01,e09,c1,p20,l3,1
i06,e08,c5,p32,l2,910
i39,e04,c5,p21,l3,24
i17,e04,c5,p29,l3,40
i06,e04,c5,p18,l1,280
i14,e08,c5,p10,l3,168
i38,e11,c1,p05,l2,221
i17,e08,c5,p25,l3,13
i38,e09,c1,p26,l2,12
i06,e12,c5,p32,l3,75
i15,e04,c6,p35,l3,24
i14,e04,c5,p05,l3,113
i05,e04,c1,p15,l3,2
i01,e01,c1,p35,l3,66
i06,e11,c5,p35,l2,1379
i34,e03,c5,p35,l3,182
i12,e08,c5,p21,l3,6
i06,e10,c5,p25,l4,856
i06,e10,c5,p14,l4,1944
i38,e11,c1,p12,l2,184
i39,e04,c5,p25,l3,28
i41,e08,c1,p35,l3,34
i06,e01,c5,p08,l3,41
i38,e04,c1,p29,l1,22
i12,e08,c5,p12,l3,8
i16,e04,c5,p03,l3,9
i46,e01,c1,p15,l3,1
i38,e01,c1,p22,l3,34
i06,e10,c5,p31,l3,2889
i06,e10,c3,p21,l3,316
i06,e10,c3,p11,l3,164
i38,e10,c4,p13,l3,63
i38,e10,c4,p16,l3,29
i38,e10,c4,p15,l4,26
i06,e10,c5,p16,l1,90
i02,e04,c1,p35,l3,136
i46,e11,c1,p08,l3,40
i38,e09,c1,p08,l2,16
i07,e09,c5,p20,l3,1
i46,e11,c1,p07,l3,168
i01,e04,c1,p10,l3,8
i13,e12,c5,p35,l3,3
i05,e06,c1,p07,l3,2
i06,e09,c5,p20,l2,8
i17,e01,c5,p21,l3,37
i38,e10,c4,p24,l3,41
i38,e11,c4,p21,l2,5
i46,e08,c1,p17,l3,8
i21,e09,c1,p10,l3,3
i34,e01,c5,p04,l3,4
i01,e01,c1,p05,l3,2
i34,e03,c5,p16,l3,64
i13,e03,c5,p06,l3,1
i43,e01,c1,p03,l3,1
i95,e04,c5,p35,l3,3
i03,e11,c5,p05,l3,2
i38,e10,c1,unknown,l4,9
i30,e09,c1,p17,l3,5
i25,e03,c5,p35,l3,1
i14,e04,c5,p06,l3,5
i31,e11,c4,p35,l3,8
i41,e01,c1,p13,l3,2
i67,e10,c5,p04,l3,5
i38,e04,c1,p28,l1,10
i39,e09,c5,p14,l3,8
i06,e07,c5,p12,l2,1
i27,e01,c5,p19,l3,4
i41,e04,c1,p22,l3,3
i39,e09,c5,p06,l3,4
i01,e01,c1,p02,l3,2
i12,e04,c5,p24,l3,2
i38,e04,c4,p17,l1,1
i17,e09,c5,p09,l3,2
i05,e03,c1,p10,l3,6
i12,e04,c3,p10,l3,1
i41,e09,c1,p14,l3,3
i05,e08,c1,p26,l3,1
i21,e01,c1,p13,l3,3
i13,e03,c5,p29,l3,1
i30,e01,c1,p04,l3,4
i01,e11,c1,p03,l3,2
i41,e09,c1,p29,l3,1
i07,e12,c5,p13,l3,2
i06,e04,c3,p04,l1,1
i16,e11,c5,p04,l3,1
i32,e09,c5,p35,l3,1
i38,e10,c1,p07,l4,2485
i06,e10,c5,p05,l3,45955
i06,e08,c5,p04,l2,2075
i06,e12,c5,p22,l3,175
i06,e10,c5,p09,l3,13750
i16,e04,c5,p16,l3,23
i38,e08,c1,p08,l2,226
i17,e08,c5,p31,l3,10
i13,e08,c5,p19,l3,34
i17,e01,c5,p09,l3,2
i38,e10,c1,p09,l4,914
i48,e11,c1,p03,l3,3
i06,e09,c5,p21,l2,199
i39,e04,c5,p20,l3,4
i06,e10,c5,p08,l4,1029
i46,e08,c1,p19,l3,986
i34,e03,c5,p20,l3,12
i17,e11,c5,p14,l3,23
i02,e04,c1,p12,l3,115
i38,e06,c1,p11,l3,539
i02,e08,c1,p22,l3,109
i38,e10,c4,p14,l4,18
i17,e11,c5,p08,l3,70
i34,e08,c5,p25,l3,9
i05,e12,c1,p19,l3,87
i39,e04,c5,p17,l3,34
i13,e08,c5,p14,l3,4
i46,e11,c1,p10,l3,72
i18,e01,c1,p35,l3,39
i34,e03,c5,p08,l3,35
i43,e01,c1,p07,l3,16
i21,e04,c1,p19,l3,2
i34,e03,c5,p02,l3,24
i38,e01,c1,p28,l3,20
i01,e11,c1,p18,l3,2
i02,e04,c1,p02,l3,89
i17,e09,c5,p20,l3,8
i17,e04,c5,p02,l3,28
i03,e10,c5,p29,l3,2
i06,e02,c5,p22,l1,1
i12,e09,c5,p21,l3,1
i06,e04,c3,p02,l1,8
i01,e01,c1,p12,l3,5
i06,e10,c3,p12,l3,4
i30,e09,c1,p24,l3,1
i06,e02,c5,p35,l1,3
i38,e10,c1,unknown,l3,3
i41,e07,c1,p14,l3,6
i03,e08,c5,p12,l3,5
i23,e11,c5,p10,l3,3
i67,e10,c5,p12,l3,6
i16,e05,c5,p04,l3,1
i14,e09,c5,p32,l3,4
i05,e11,c1,p19,l3,1
i38,e04,c4,p25,l1,1
i41,e08,c1,p16,l3,4
i75,e09,c1,p35,l3,2
i34,e08,c5,p28,l3,2
i14,e01,c5,p06,l3,1
i30,e04,c1,p16,l3,2
i23,e03,c5,p04,l3,1
i06,e09,c3,p16,l2,1
i12,e01,c5,p11,l3,3
i13,e05,c5,p35,l3,1
i38,e11,c4,p35,l2,2
i16,e11,c5,p29,l3,1
i03,e04,c5,p19,l3,1
i12,e04,c5,p29,l3,2
i05,e06,c1,p09,l3,1
i06,e12,c3,p07,l3,1
i05,e07,c1,p08,l3,1
i06,e11,c5,p09,l2,190
i06,e08,c5,p08,l2,642
i38,e10,c4,p19,l3,801
i06,e11,c5,p07,l2,417
i34,e03,c5,p06,l3,71
i06,e11,c5,p08,l2,191
i16,e08,c5,p16,l3,32
i38,e10,c1,p18,l4,1284
i16,e01,c5,p04,l3,2
i06,e11,c5,p15,l2,456
i17,e04,c5,p06,l3,24
i01,e08,c1,p15,l3,10
i06,e11,c5,p01,l2,380
i43,e08,c1,p01,l3,40
i39,e09,c3,p02,l3,10
i02,e01,c1,p32,l3,10
i38,e06,c1,p21,l3,432
i34,e03,c5,p15,l3,74
i46,e09,c1,p24,l3,5
i86,e08,c5,p21,l3,1
i39,e01,c5,p10,l3,34
i30,e04,c1,p07,l3,26
i06,e10,c5,p03,l1,62
i46,e08,c4,p29,l3,101
i39,e01,c5,p32,l3,5
i47,e09,c4,p35,l3,3
i01,e08,c1,p26,l3,8
i13,e11,c5,p10,l3,35
i38,e10,c1,p32,l2,7
i38,e09,c1,p12,l2,61
i68,e04,c1,p35,l3,9
i38,e09,c1,p20,l2,8
i21,e09,c1,p19,l3,4
i03,e10,c5,p05,l3,9
i34,e09,c5,p01,l3,6
i23,e08,c5,p01,l3,19
i38,e12,c1,p21,l3,2
i17,e01,c5,p22,l3,12
i06,e10,c5,p31,l2,2
i95,e09,c5,p35,l3,3
i43,e09,c1,p15,l3,1
i27,e01,c5,p05,l3,3
i34,e08,c5,p35,l3,17
i33,e01,c1,p09,l3,5
i34,e03,c5,p26,l3,5
i02,e01,c1,p22,l3,15
i06,e11,c3,p29,l2,16
i05,e08,c1,p06,l3,2
i06,e07,c5,p16,l2,3
i14,e04,c5,p14,l3,1
i03,e09,c5,p18,l3,2
i43,e08,c1,p17,l3,7
i38,e10,c1,unknown,l3,2
i09,e04,c5,p11,l3,1
i16,e05,c3,p09,l3,1
i06,e12,c5,p31,l3,11
i38,e07,c1,p05,l2,3
i39,e01,c5,p15,l3,8
i19,e08,c5,p35,l3,1
i12,e04,c5,p01,l3,6
i38,e12,c1,p20,l3,1
i03,e10,c5,p12,l3,12
i41,e04,c1,p15,l3,1
i46,e08,c1,p11,l3,4
i38,e09,c1,p31,l2,3
i01,e09,c1,p16,l3,4
i22,e05,c3,p35,l3,1
i03,e04,c5,p12,l3,2
i30,e01,c1,p01,l3,1
i22,e05,c5,p11,l3,2
i46,e01,c1,p11,l3,4
i30,e01,c1,p08,l3,2
i38,e12,c1,p13,l3,1
i14,e01,c5,p14,l3,1
i12,e04,c5,p18,l3,2
i44,e01,c3,p35,l3,1
i06,e12,c5,p17,l3,336
i02,e08,c1,p12,l3,637
i46,e01,c1,p35,l3,194
i38,e10,c1,p01,l3,19949
i16,e04,c5,p19,l3,34
i02,e08,c1,p23,l3,309
i38,e10,c1,p21,l3,13939
i38,e10,c1,p13,l3,12433
i06,e01,c5,p14,l3,133
i01,e08,c1,p29,l3,9
i02,e08,c1,p08,l3,115
i06,e08,c3,p07,l2,3
i38,e10,c1,p05,l1,29
i38,e11,c1,p04,l2,139
i02,e04,c1,p08,l3,37
i06,e09,c5,p04,l2,74
i02,e04,c1,p16,l3,183
i43,e08,c1,p19,l3,19
i17,e09,c5,p03,l3,18
i38,e11,c1,p18,l2,155
i14,e08,c5,p33,l3,3
i02,e01,c1,p19,l3,679
i38,e10,c1,unknown,l3,126
i38,e10,c4,p21,l4,59
i38,e10,c1,p09,l1,14
i38,e06,c4,p10,l3,57
i12,e08,c5,p10,l3,6
i38,e10,c1,p02,l2,44
i38,e11,c4,p06,l2,3
i41,e11,c1,p15,l3,12
i17,e11,c5,p24,l3,75
i46,e11,c4,p29,l3,129
i63,e10,c1,p35,l4,31
i02,e08,c1,p25,l3,386
i06,e10,c3,p05,l4,8
i34,e03,c3,p10,l3,8
i02,e04,c1,p14,l3,47
i03,e04,c5,p21,l3,16
i21,e01,c1,p19,l3,17
i34,e08,c5,p08,l3,38
i14,e09,c5,p13,l3,3
i34,e03,c5,p31,l3,16
i41,e07,c1,p13,l3,8
i06,e01,c5,p02,l3,47
i38,e10,c4,p08,l4,26
i38,e07,c1,p28,l2,1
i17,e09,c5,p18,l3,7
i39,e09,c5,p18,l3,13
i46,e08,c1,p01,l3,6
i03,e04,c5,p23,l3,1
i06,e02,c5,p05,l1,1
i13,e08,c5,p12,l3,8
i34,e04,c5,p20,l3,2
i02,e09,c1,p09,l3,16
i07,e12,c5,p10,l3,19
i30,e09,c1,p11,l3,11
i34,e05,c5,p10,l3,1
i38,e10,c1,p28,l2,6
i03,e04,c5,p03,l3,1
i66,e09,c3,p10,l3,1
i46,e01,c1,p26,l3,1
i27,e01,c5,p04,l3,3
i02,e04,c1,p32,l3,17
i46,e09,c1,p19,l3,8
i05,e01,c1,p15,l3,1
i34,e04,c5,p11,l3,4
i01,e11,c1,p29,l3,2
i39,e09,c5,p09,l3,5
i14,e11,c5,p21,l3,1
i01,e09,c1,p06,l3,1
i13,e11,c5,p11,l3,1
i32,e01,c5,p10,l3,1
i05,e12,c1,p08,l3,3
i01,e08,c1,p09,l3,5
i42,e02,c5,p35,l3,1
i43,e04,c1,p20,l3,1
i14,e02,c5,p19,l3,2
i09,e04,c5,p07,l3,1
i45,e01,c1,p16,l3,1
i41,e08,c1,p07,l3,1
i05,e03,c1,p02,l3,1
i43,e01,c1,p29,l3,1
i15,e09,c2,p35,l3,2957
i06,e10,c5,p05,l4,3852
i06,e08,c5,p09,l2,1686
i38,e10,c1,p05,l3,12527
i38,e10,c1,p15,l4,2389
i06,e10,c5,p14,l3,21787
i38,e10,c1,p12,l3,12797
i06,e12,c5,p02,l3,133
i38,e10,c1,p14,l4,1063
i38,e04,c1,p10,l1,372
i14,e09,c5,p22,l3,12
i12,e04,c5,p12,l3,9
i46,e08,c4,p19,l3,152
i38,e11,c1,p17,l2,249
i06,e10,c5,p03,l4,3270
i34,e03,c5,p04,l3,72
i38,e10,c1,p01,l2,116
i06,e10,c5,p12,l4,2808
i06,e09,c5,p11,l2,88
i02,e09,c1,p01,l3,165
i38,e04,c1,p22,l1,34
i23,e03,c5,p29,l3,6
i14,e08,c5,p12,l3,202
i46,e11,c1,p05,l3,17
i25,e10,c5,p04,l4,4
i31,e11,c1,p35,l3,91
i38,e06,c1,p32,l3,132
i34,e03,c5,p24,l3,46
i63,e03,c1,p10,l3,13
i46,e04,c1,p35,l3,230
i05,e07,c1,p12,l3,9
i06,e10,c5,p30,l4,77
i06,e10,c5,p17,l2,78
i06,e01,c5,p12,l3,71
i02,e01,c1,p25,l3,13
i06,e10,c5,p22,l1,34
i34,e04,c5,p02,l3,20
i02,e09,c1,p08,l3,10
i38,e10,c1,p29,l1,10
i14,e01,c5,p02,l3,3
i05,e04,c1,p13,l3,24
i38,e10,c1,unknown,l4,10
i14,e01,c5,p21,l3,6
i30,e01,c1,p32,l3,3
i14,e08,c5,p06,l3,16
i07,e08,c5,p06,l3,3
i21,e04,c1,p02,l3,2
i05,e09,c1,p17,l3,2
i38,e01,c1,p23,l3,17
i05,e06,c1,p14,l3,5
i06,e10,c5,p04,l1,34
i27,e11,c5,p35,l3,1
i06,e10,c5,p32,l1,10
i06,e10,c3,p24,l4,3
i42,e05,c5,p29,l3,2
i05,e08,c1,p22,l3,1
i41,e04,c1,p02,l3,2
i14,e13,c5,p02,l3,1
i13,e03,c5,p35,l3,2
i05,e01,c1,p01,l3,3
i35,e01,c2,p35,l3,2
i16,e09,c5,p25,l3,1
i12,e08,c5,p08,l3,2
i27,e01,c5,p29,l3,1
i38,e07,c1,p24,l2,2
i26,e04,c1,p35,l3,1
i26,e01,c1,p35,l3,2
i19,e12,c5,p10,l3,2
i05,e11,c1,p35,l3,4
i38,e04,c1,p35,l1,1
i01,e09,c1,p21,l3,4
i26,e09,c1,p35,l3,1
i46,e09,c1,p04,l3,1
i05,e09,c1,p06,l3,1
i05,e06,c1,p24,l3,4
i16,e01,c5,p23,l3,1
i07,e08,c5,p21,l3,1
i38,e08,c1,p01,l2,932
i16,e08,c5,p07,l3,6
i38,e06,c1,p28,l3,95
i06,e10,c5,p13,l3,28510
i02,e08,c1,p35,l3,338
i38,e11,c1,p10,l2,1178
i34,e08,c5,p10,l3,222
i06,e12,c5,p09,l3,67
i47,e09,c1,p35,l3,250
i46,e09,c1,p35,l3,159
i34,e01,c5,p35,l3,38
i38,e01,c1,p10,l3,393
i38,e08,c1,p12,l2,116
i05,e06,c1,p04,l3,5
i02,e04,c1,p01,l3,392
i06,e09,c5,p14,l2,73
i06,e04,c5,p28,l1,202
i38,e10,c1,p05,l2,55
i06,e04,c5,p20,l1,31
i66,e04,c3,p35,l3,2
i38,e10,c1,p31,l3,615
i38,e10,c1,p20,l3,1750
i38,e09,c1,p16,l2,49
i02,e08,c1,p04,l3,229
i02,e08,c1,p29,l3,55
i05,e06,c1,p10,l3,38
i14,e11,c5,p10,l3,4
i34,e08,c5,p03,l3,45
i02,e01,c1,p05,l3,42
i30,e01,c1,p17,l3,8
i14,e01,c5,p04,l3,8
i63,e10,c1,p10,l4,101
i41,e08,c1,p15,l3,15
i06,e10,c3,p13,l3,94
i23,e08,c5,p15,l3,51
i46,e08,c1,p18,l3,20
i38,e06,c1,p20,l3,29
i05,e01,c1,p13,l3,19
i05,e12,c1,p15,l3,22
i17,e09,c5,p02,l3,8
i38,e06,c4,p01,l3,15
i39,e01,c5,p22,l3,15
i34,e08,c5,p16,l3,13
i05,e11,c1,p10,l3,1
i05,e04,c1,p21,l3,2
i39,e09,c5,p29,l3,9
i23,e09,c5,p29,l3,4
i38,e06,c1,p31,l3,42
i14,e04,c5,p21,l3,3
i05,e01,c1,p07,l3,10
i06,e01,c5,p20,l3,11
i42,e05,c5,p04,l3,3
i17,e01,c5,p17,l3,5
i16,e01,c5,p05,l3,2
i38,e04,c1,unknown,l1,1
i05,e03,c1,p13,l3,4
i42,e05,c5,p06,l3,2
i46,e11,c1,p09,l3,5
i17,e01,c5,p35,l3,4
i07,e01,c5,p35,l3,7
i32,e08,c5,p19,l3,3
i23,e03,c5,p35,l3,3
i39,e09,c5,p11,l3,5
i17,e09,c5,p32,l3,2
i14,e09,c5,p17,l3,5
i05,e04,c1,p16,l3,1
i41,e04,c1,p21,l3,4
i38,e01,c1,p26,l3,2
i34,e09,c5,p14,l3,3
i43,e09,c1,p20,l3,1
i05,e08,c1,p02,l3,3
i12,e08,c3,p10,l3,1
i38,e01,c4,p17,l3,1
i41,e11,c1,p18,l3,1
i46,e04,c1,p04,l3,1
i16,e11,c5,p19,l3,1
i01,e01,c1,p15,l3,1
i01,e08,c1,p33,l3,1
